204
79
36.358334
0.0338 0.0320 0.0459 0.0362 0.0094 0.0271 0.0560 0.0347 0.0087 0.0607 0.0569 0.0644 0.0156 0.0445 0.0285 0.0439 0.0585 0.0077 0.0435 0.0524 0.2397
0.017 0.017 0.017 0.017 0.017 0.017 0.017 0.017 0.017 0.017 0.017 0.017 0.249 0.017 0.017 0.017 0.017 0.017 0.017 0.017 0.420  0.6739
0.017 0.017 0.017 0.017 0.017 0.017 0.017 0.017 0.017 0.017 0.017 0.257 0.017 0.017 0.017 0.017 0.017 0.017 0.017 0.017 0.411  0.6753
0.026 0.070 0.017 0.017 0.017 0.017 0.017 0.017 0.017 0.026 0.017 0.103 0.017 0.017 0.017 0.017 0.102 0.017 0.017 0.017 0.411  0.7448
0.017 0.017 0.017 0.017 0.017 0.017 0.017 0.017 0.017 0.116 0.060 0.023 0.035 0.020 0.017 0.035 0.060 0.017 0.017 0.048 0.394  0.7707
0.034 0.017 0.017 0.017 0.017 0.017 0.017 0.017 0.017 0.108 0.113 0.017 0.023 0.053 0.017 0.020 0.026 0.017 0.017 0.023 0.391  0.7617
0.017 0.017 0.017 0.017 0.017 0.017 0.017 0.017 0.017 0.073 0.099 0.017 0.026 0.039 0.017 0.044 0.041 0.017 0.035 0.043 0.391  0.7808
0.017 0.017 0.017 0.017 0.017 0.017 0.017 0.017 0.017 0.142 0.048 0.017 0.017 0.075 0.017 0.039 0.026 0.017 0.017 0.035 0.391  0.7593
0.026 0.017 0.017 0.017 0.017 0.017 0.017 0.017 0.017 0.064 0.138 0.017 0.017 0.035 0.017 0.022 0.070 0.017 0.017 0.039 0.379  0.7700
0.044 0.017 0.017 0.017 0.025 0.017 0.017 0.037 0.017 0.091 0.083 0.017 0.023 0.078 0.017 0.066 0.017 0.017 0.017 0.023 0.339  0.8116
0.026 0.017 0.017 0.017 0.035 0.017 0.017 0.017 0.017 0.069 0.181 0.017 0.022 0.025 0.017 0.017 0.035 0.017 0.017 0.065 0.333  0.7852
0.020 0.017 0.017 0.017 0.017 0.017 0.017 0.017 0.017 0.060 0.069 0.017 0.017 0.090 0.017 0.124 0.044 0.017 0.017 0.035 0.331  0.8037
0.017 0.017 0.017 0.017 0.017 0.017 0.017 0.070 0.017 0.040 0.167 0.017 0.037 0.050 0.017 0.037 0.022 0.017 0.020 0.035 0.331  0.7977
0.017 0.017 0.028 0.017 0.055 0.017 0.017 0.032 0.017 0.068 0.167 0.017 0.017 0.017 0.017 0.032 0.017 0.017 0.035 0.035 0.339  0.7913
0.111 0.017 0.017 0.017 0.035 0.035 0.017 0.055 0.017 0.074 0.037 0.017 0.017 0.026 0.017 0.070 0.039 0.017 0.017 0.017 0.327  0.8217
0.017 0.017 0.017 0.017 0.044 0.017 0.017 0.017 0.017 0.057 0.106 0.017 0.035 0.062 0.017 0.035 0.026 0.017 0.037 0.079 0.327  0.8228
0.020 0.017 0.037 0.023 0.017 0.060 0.035 0.037 0.017 0.017 0.020 0.017 0.032 0.043 0.052 0.083 0.078 0.017 0.042 0.017 0.316  0.8437
0.099 0.017 0.017 0.017 0.131 0.017 0.026 0.020 0.017 0.035 0.045 0.017 0.017 0.017 0.017 0.031 0.039 0.017 0.022 0.059 0.319  0.8150
0.035 0.035 0.020 0.017 0.017 0.017 0.017 0.017 0.017 0.079 0.037 0.076 0.017 0.041 0.017 0.107 0.020 0.017 0.020 0.047 0.326  0.8217
0.243 0.017 0.017 0.017 0.017 0.017 0.017 0.017 0.035 0.017 0.020 0.017 0.020 0.017 0.017 0.057 0.038 0.017 0.017 0.035 0.326  0.7561
0.017 0.026 0.017 0.017 0.017 0.216 0.017 0.017 0.026 0.017 0.017 0.017 0.017 0.017 0.017 0.017 0.017 0.017 0.028 0.017 0.425  0.6949
0.017 0.017 0.017 0.035 0.017 0.017 0.017 0.017 0.017 0.017 0.017 0.017 0.017 0.017 0.017 0.017 0.035 0.017 0.017 0.017 0.616  0.5922
0.017 0.017 0.017 0.017 0.017 0.017 0.017 0.017 0.017 0.017 0.017 0.035 0.017 0.017 0.017 0.017 0.017 0.017 0.017 0.017 0.634  0.5739
0.017 0.017 0.017 0.017 0.017 0.017 0.017 0.017 0.017 0.017 0.017 0.017 0.017 0.017 0.035 0.017 0.017 0.017 0.017 0.017 0.634  0.5739
0.017 0.017 0.017 0.017 0.017 0.017 0.017 0.017 0.017 0.035 0.017 0.017 0.017 0.017 0.017 0.017 0.017 0.017 0.017 0.017 0.634  0.5739
0.017 0.035 0.017 0.017 0.017 0.017 0.017 0.017 0.017 0.017 0.017 0.017 0.017 0.017 0.017 0.017 0.017 0.017 0.017 0.017 0.634  0.5739
0.017 0.017 0.017 0.017 0.017 0.017 0.017 0.017 0.017 0.017 0.017 0.017 0.017 0.017 0.017 0.017 0.035 0.017 0.017 0.017 0.634  0.5739
0.017 0.017 0.017 0.017 0.017 0.017 0.035 0.017 0.017 0.017 0.017 0.017 0.017 0.017 0.017 0.017 0.017 0.017 0.017 0.017 0.634  0.5739
0.017 0.017 0.017 0.017 0.017 0.017 0.035 0.017 0.017 0.017 0.017 0.017 0.017 0.017 0.017 0.052 0.017 0.017 0.017 0.017 0.599  0.6073
0.037 0.017 0.017 0.017 0.017 0.017 0.017 0.017 0.017 0.055 0.075 0.017 0.037 0.017 0.017 0.035 0.026 0.017 0.017 0.070 0.438  0.7480
0.017 0.017 0.017 0.017 0.017 0.017 0.017 0.017 0.028 0.026 0.074 0.017 0.017 0.049 0.017 0.024 0.061 0.017 0.040 0.052 0.435  0.7523
0.183 0.017 0.017 0.017 0.017 0.017 0.029 0.052 0.017 0.017 0.017 0.017 0.017 0.017 0.017 0.052 0.017 0.023 0.017 0.017 0.398  0.7343
0.017 0.017 0.017 0.017 0.017 0.311 0.023 0.029 0.017 0.017 0.017 0.017 0.017 0.017 0.017 0.017 0.022 0.017 0.017 0.017 0.336  0.7006
0.017 0.017 0.017 0.017 0.017 0.035 0.017 0.017 0.035 0.017 0.017 0.017 0.017 0.017 0.029 0.017 0.252 0.017 0.035 0.044 0.327  0.7527
0.017 0.035 0.230 0.058 0.017 0.017 0.043 0.017 0.017 0.023 0.017 0.049 0.017 0.052 0.035 0.055 0.035 0.017 0.030 0.046 0.170  0.8706
0.017 0.017 0.035 0.035 0.017 0.017 0.017 0.017 0.035 0.035 0.061 0.017 0.017 0.061 0.017 0.017 0.017 0.035 0.307 0.035 0.170  0.8158
0.017 0.017 0.017 0.017 0.017 0.017 0.017 0.017 0.017 0.017 0.017 0.017 0.017 0.035 0.017 0.017 0.017 0.035 0.473 0.017 0.161  0.6841
0.041 0.035 0.070 0.087 0.017 0.039 0.052 0.017 0.043 0.017 0.017 0.061 0.017 0.017 0.035 0.057 0.145 0.017 0.017 0.035 0.161  0.9095
0.017 0.017 0.041 0.084 0.017 0.046 0.065 0.035 0.017 0.022 0.017 0.052 0.017 0.017 0.061 0.026 0.137 0.017 0.035 0.051 0.205  0.8904
0.035 0.052 0.038 0.044 0.017 0.017 0.035 0.125 0.017 0.017 0.017 0.052 0.017 0.017 0.035 0.037 0.281 0.017 0.017 0.017 0.092  0.8491
0.046 0.070 0.017 0.087 0.017 0.063 0.052 0.035 0.017 0.035 0.017 0.201 0.017 0.017 0.052 0.035 0.078 0.017 0.017 0.031 0.074  0.9074
0.017 0.070 0.017 0.035 0.017 0.020 0.040 0.017 0.035 0.083 0.017 0.035 0.017 0.017 0.020 0.044 0.358 0.017 0.017 0.035 0.070  0.8110
0.017 0.017 0.017 0.017 0.017 0.017 0.017 0.017 0.017 0.057 0.054 0.017 0.017 0.350 0.017 0.017 0.035 0.017 0.017 0.173 0.070  0.7732
0.017 0.070 0.092 0.023 0.028 0.034 0.046 0.017 0.107 0.017 0.017 0.136 0.017 0.017 0.017 0.035 0.102 0.017 0.065 0.035 0.087  0.9141
0.105 0.017 0.017 0.017 0.017 0.037 0.243 0.124 0.017 0.070 0.035 0.017 0.017 0.017 0.017 0.055 0.035 0.017 0.017 0.035 0.070  0.8609
0.026 0.017 0.249 0.154 0.032 0.046 0.035 0.044 0.017 0.017 0.017 0.109 0.017 0.017 0.020 0.034 0.017 0.017 0.017 0.044 0.052  0.8519
0.017 0.035 0.105 0.046 0.017 0.017 0.020 0.385 0.017 0.017 0.017 0.052 0.017 0.017 0.017 0.044 0.052 0.017 0.017 0.017 0.052  0.7841
0.052 0.035 0.035 0.017 0.017 0.035 0.070 0.017 0.017 0.108 0.017 0.035 0.035 0.052 0.017 0.017 0.070 0.017 0.247 0.017 0.070  0.8776
0.017 0.017 0.052 0.017 0.017 0.017 0.017 0.017 0.017 0.039 0.035 0.017 0.017 0.017 0.017 0.112 0.372 0.017 0.017 0.076 0.070  0.7818
0.017 0.017 0.017 0.017 0.017 0.017 0.017 0.017 0.017 0.017 0.017 0.017 0.017 0.087 0.017 0.017 0.017 0.035 0.564 0.017 0.017  0.6318
0.017 0.052 0.035 0.029 0.035 0.273 0.052 0.017 0.044 0.052 0.052 0.087 0.017 0.017 0.017 0.017 0.044 0.017 0.035 0.070 0.017  0.8745
0.087 0.035 0.017 0.017 0.352 0.017 0.017 0.035 0.017 0.022 0.017 0.017 0.017 0.017 0.017 0.017 0.017 0.017 0.017 0.208 0.017  0.7499
0.023 0.035 0.035 0.282 0.017 0.017 0.061 0.017 0.052 0.035 0.017 0.099 0.035 0.017 0.017 0.081 0.078 0.017 0.017 0.026 0.017  0.8543
0.017 0.017 0.035 0.035 0.017 0.035 0.052 0.017 0.022 0.055 0.073 0.070 0.017 0.046 0.035 0.035 0.058 0.017 0.031 0.297 0.017  0.8631
0.032 0.057 0.064 0.093 0.035 0.069 0.065 0.035 0.035 0.087 0.057 0.032 0.035 0.035 0.020 0.080 0.052 0.017 0.044 0.022 0.035  0.9672
0.044 0.035 0.020 0.087 0.017 0.035 0.026 0.035 0.017 0.017 0.017 0.074 0.017 0.017 0.017 0.017 0.039 0.017 0.017 0.017 0.414  0.7667
0.054 0.022 0.046 0.017 0.017 0.026 0.066 0.116 0.017 0.025 0.026 0.037 0.017 0.017 0.038 0.037 0.058 0.017 0.067 0.020 0.257  0.8743
0.069 0.035 0.017 0.017 0.035 0.017 0.058 0.169 0.032 0.017 0.035 0.064 0.035 0.027 0.037 0.229 0.017 0.017 0.037 0.017 0.017  0.8694
0.017 0.087 0.095 0.038 0.017 0.049 0.035 0.156 0.017 0.026 0.060 0.117 0.044 0.044 0.017 0.057 0.017 0.017 0.017 0.035 0.035  0.9184
0.044 0.054 0.020 0.028 0.017 0.017 0.036 0.030 0.035 0.087 0.058 0.020 0.038 0.126 0.017 0.052 0.097 0.035 0.052 0.032 0.105  0.9404
0.017 0.017 0.017 0.035 0.017 0.017 0.017 0.017 0.017 0.198 0.079 0.035 0.020 0.078 0.017 0.017 0.035 0.017 0.035 0.276 0.017  0.8111
0.020 0.139 0.039 0.017 0.039 0.044 0.035 0.035 0.020 0.044 0.052 0.072 0.017 0.052 0.017 0.072 0.170 0.017 0.052 0.026 0.017  0.9148
0.017 0.017 0.017 0.017 0.017 0.017 0.017 0.017 0.017 0.105 0.442 0.017 0.035 0.035 0.017 0.017 0.017 0.017 0.035 0.087 0.017  0.7291
0.061 0.070 0.058 0.017 0.017 0.052 0.035 0.070 0.017 0.017 0.017 0.035 0.035 0.035 0.017 0.061 0.027 0.017 0.305 0.017 0.017  0.8521
0.017 0.017 0.620 0.017 0.017 0.017 0.017 0.017 0.017 0.017 0.017 0.029 0.017 0.017 0.017 0.037 0.017 0.017 0.017 0.017 0.017  0.5886
0.087 0.017 0.020 0.017 0.017 0.035 0.017 0.035 0.017 0.119 0.052 0.270 0.017 0.017 0.017 0.092 0.035 0.017 0.017 0.046 0.035  0.8496
0.061 0.035 0.214 0.057 0.039 0.035 0.142 0.029 0.017 0.017 0.020 0.054 0.017 0.017 0.017 0.111 0.046 0.017 0.017 0.017 0.017  0.8741
0.035 0.017 0.539 0.029 0.035 0.035 0.017 0.035 0.017 0.017 0.017 0.017 0.017 0.017 0.017 0.031 0.017 0.017 0.017 0.017 0.035  0.6717
0.020 0.041 0.029 0.017 0.017 0.034 0.039 0.035 0.035 0.035 0.017 0.337 0.017 0.017 0.052 0.027 0.107 0.017 0.017 0.052 0.035  0.8298
0.017 0.078 0.017 0.052 0.017 0.017 0.017 0.017 0.070 0.017 0.231 0.017 0.017 0.122 0.017 0.017 0.017 0.081 0.105 0.017 0.035  0.8569
0.035 0.017 0.037 0.078 0.017 0.017 0.035 0.035 0.017 0.110 0.029 0.070 0.017 0.052 0.052 0.035 0.202 0.017 0.035 0.055 0.035  0.9102
0.017 0.017 0.130 0.035 0.017 0.017 0.052 0.052 0.052 0.026 0.017 0.055 0.017 0.081 0.017 0.052 0.052 0.017 0.237 0.017 0.017  0.8737
0.095 0.017 0.017 0.044 0.017 0.057 0.071 0.038 0.017 0.050 0.044 0.112 0.017 0.017 0.026 0.052 0.091 0.017 0.017 0.163 0.017  0.9086
0.017 0.064 0.052 0.109 0.017 0.048 0.087 0.035 0.022 0.023 0.035 0.146 0.026 0.026 0.073 0.052 0.053 0.017 0.045 0.035 0.017  0.9343
0.035 0.035 0.035 0.017 0.017 0.212 0.061 0.017 0.017 0.052 0.017 0.017 0.048 0.052 0.098 0.040 0.035 0.071 0.017 0.035 0.070  0.9071
0.026 0.035 0.017 0.017 0.017 0.078 0.017 0.017 0.017 0.143 0.043 0.035 0.113 0.035 0.017 0.055 0.090 0.017 0.035 0.137 0.035  0.9045
0.017 0.035 0.087 0.078 0.017 0.017 0.017 0.017 0.035 0.055 0.035 0.052 0.035 0.085 0.017 0.035 0.026 0.017 0.267 0.017 0.035  0.8707
0.017 0.055 0.035 0.035 0.035 0.017 0.017 0.017 0.017 0.020 0.072 0.260 0.035 0.052 0.114 0.017 0.044 0.026 0.052 0.026 0.035  0.8766
0.087 0.078 0.063 0.208 0.017 0.017 0.078 0.044 0.017 0.017 0.017 0.017 0.017 0.017 0.052 0.084 0.044 0.017 0.017 0.017 0.070  0.8903
0.017 0.035 0.035 0.096 0.017 0.017 0.035 0.169 0.017 0.026 0.017 0.035 0.017 0.017 0.017 0.057 0.234 0.017 0.017 0.052 0.052  0.8559
0.017 0.017 0.059 0.020 0.017 0.017 0.023 0.294 0.017 0.017 0.017 0.035 0.017 0.017 0.017 0.035 0.017 0.017 0.017 0.035 0.273  0.7602
0.061 0.070 0.017 0.035 0.017 0.026 0.101 0.017 0.017 0.022 0.017 0.216 0.035 0.017 0.017 0.088 0.083 0.017 0.017 0.020 0.087  0.8793
0.046 0.052 0.040 0.017 0.017 0.065 0.126 0.035 0.029 0.050 0.017 0.037 0.044 0.017 0.105 0.060 0.046 0.017 0.017 0.055 0.105  0.9394
0.017 0.035 0.017 0.017 0.017 0.035 0.017 0.017 0.017 0.186 0.032 0.017 0.035 0.064 0.048 0.017 0.052 0.017 0.092 0.177 0.070  0.8761
0.023 0.038 0.017 0.035 0.017 0.017 0.155 0.017 0.017 0.060 0.017 0.049 0.026 0.017 0.140 0.064 0.105 0.017 0.052 0.045 0.070  0.9060
0.065 0.035 0.017 0.035 0.070 0.053 0.052 0.052 0.038 0.104 0.032 0.017 0.067 0.061 0.087 0.044 0.017 0.017 0.035 0.048 0.052  0.9632
0.052 0.035 0.035 0.093 0.017 0.017 0.078 0.052 0.017 0.017 0.031 0.089 0.035 0.032 0.038 0.056 0.094 0.017 0.084 0.057 0.052  0.9518
0.049 0.017 0.038 0.142 0.017 0.017 0.132 0.074 0.027 0.035 0.017 0.023 0.017 0.052 0.083 0.035 0.017 0.052 0.072 0.046 0.035  0.9245
0.030 0.083 0.107 0.122 0.017 0.017 0.073 0.087 0.017 0.022 0.035 0.017 0.070 0.017 0.017 0.032 0.061 0.017 0.017 0.061 0.078  0.9238
0.035 0.052 0.045 0.020 0.017 0.017 0.114 0.096 0.017 0.051 0.035 0.044 0.020 0.035 0.032 0.046 0.086 0.017 0.026 0.038 0.157  0.9245
0.044 0.044 0.070 0.097 0.017 0.017 0.075 0.031 0.017 0.020 0.017 0.066 0.017 0.057 0.105 0.035 0.035 0.026 0.041 0.017 0.150  0.9241
0.017 0.052 0.039 0.123 0.017 0.035 0.052 0.039 0.035 0.070 0.120 0.024 0.017 0.052 0.070 0.017 0.017 0.017 0.069 0.052 0.063  0.9394
0.044 0.017 0.026 0.065 0.017 0.017 0.022 0.052 0.017 0.078 0.181 0.017 0.017 0.099 0.044 0.046 0.039 0.017 0.020 0.101 0.061  0.9079
0.055 0.017 0.082 0.028 0.017 0.020 0.151 0.035 0.017 0.040 0.032 0.072 0.017 0.017 0.026 0.102 0.017 0.017 0.017 0.113 0.105  0.9032
0.020 0.072 0.032 0.108 0.026 0.017 0.096 0.017 0.017 0.050 0.017 0.037 0.017 0.035 0.017 0.062 0.070 0.017 0.090 0.065 0.113  0.9277
0.068 0.017 0.035 0.162 0.017 0.035 0.120 0.035 0.017 0.037 0.020 0.039 0.017 0.017 0.052 0.017 0.026 0.017 0.035 0.083 0.131  0.9012
0.067 0.023 0.081 0.061 0.017 0.017 0.048 0.017 0.017 0.052 0.026 0.078 0.035 0.022 0.037 0.121 0.095 0.017 0.017 0.017 0.131  0.9198
0.017 0.017 0.017 0.017 0.017 0.035 0.017 0.017 0.017 0.026 0.035 0.017 0.017 0.147 0.017 0.029 0.096 0.153 0.105 0.044 0.139  0.8704
0.044 0.017 0.068 0.098 0.017 0.017 0.062 0.017 0.017 0.054 0.052 0.035 0.035 0.017 0.017 0.052 0.196 0.017 0.017 0.017 0.129  0.8901
0.035 0.137 0.023 0.052 0.017 0.017 0.064 0.017 0.035 0.061 0.048 0.126 0.052 0.044 0.044 0.060 0.023 0.039 0.035 0.017 0.052  0.9412
0.020 0.047 0.073 0.052 0.017 0.041 0.113 0.070 0.031 0.017 0.035 0.071 0.017 0.017 0.099 0.137 0.017 0.023 0.029 0.036 0.035  0.9279
0.035 0.017 0.017 0.052 0.035 0.083 0.073 0.017 0.035 0.087 0.052 0.202 0.026 0.017 0.044 0.047 0.038 0.017 0.035 0.035 0.035  0.9181
0.046 0.041 0.017 0.017 0.174 0.017 0.023 0.017 0.017 0.087 0.087 0.035 0.035 0.092 0.026 0.049 0.017 0.017 0.024 0.122 0.035  0.9021
0.017 0.070 0.017 0.048 0.017 0.035 0.093 0.052 0.017 0.017 0.084 0.105 0.052 0.091 0.017 0.017 0.035 0.017 0.126 0.052 0.017  0.9224
0.035 0.087 0.035 0.035 0.022 0.080 0.108 0.017 0.017 0.017 0.017 0.122 0.035 0.035 0.017 0.180 0.017 0.017 0.017 0.070 0.017  0.8901
0.143 0.017 0.017 0.017 0.017 0.017 0.017 0.017 0.035 0.343 0.035 0.017 0.017 0.017 0.017 0.035 0.035 0.017 0.035 0.113 0.017  0.7865
0.017 0.017 0.017 0.017 0.017 0.017 0.017 0.017 0.017 0.100 0.186 0.017 0.017 0.183 0.017 0.017 0.017 0.017 0.017 0.234 0.017  0.7864
0.017 0.064 0.265 0.035 0.017 0.052 0.035 0.017 0.017 0.035 0.052 0.158 0.017 0.017 0.017 0.035 0.035 0.026 0.017 0.017 0.052  0.8529
0.040 0.035 0.176 0.050 0.017 0.029 0.206 0.058 0.017 0.017 0.017 0.076 0.017 0.017 0.070 0.033 0.017 0.017 0.017 0.017 0.052  0.8706
0.308 0.017 0.017 0.017 0.035 0.017 0.017 0.052 0.017 0.044 0.044 0.017 0.017 0.026 0.017 0.070 0.108 0.017 0.052 0.052 0.035  0.8408
0.017 0.017 0.017 0.017 0.017 0.017 0.017 0.017 0.017 0.035 0.126 0.017 0.026 0.464 0.017 0.017 0.017 0.017 0.035 0.035 0.035  0.7126
0.044 0.017 0.017 0.017 0.017 0.017 0.017 0.024 0.017 0.020 0.035 0.017 0.017 0.017 0.052 0.317 0.247 0.017 0.017 0.017 0.035  0.7617
0.087 0.052 0.030 0.045 0.017 0.061 0.061 0.035 0.017 0.035 0.035 0.143 0.017 0.017 0.128 0.068 0.056 0.017 0.017 0.025 0.035  0.9268
0.110 0.017 0.035 0.041 0.017 0.052 0.273 0.017 0.035 0.049 0.017 0.017 0.017 0.017 0.017 0.053 0.090 0.017 0.017 0.017 0.070  0.8538
0.017 0.070 0.035 0.052 0.017 0.052 0.372 0.017 0.017 0.035 0.017 0.052 0.052 0.020 0.017 0.017 0.035 0.017 0.033 0.017 0.035  0.8091
0.035 0.150 0.035 0.017 0.017 0.044 0.017 0.017 0.017 0.054 0.096 0.213 0.057 0.029 0.017 0.017 0.035 0.017 0.061 0.017 0.035  0.8780
0.052 0.048 0.035 0.070 0.017 0.168 0.115 0.035 0.017 0.052 0.023 0.087 0.035 0.017 0.017 0.052 0.035 0.017 0.017 0.035 0.052  0.9219
0.057 0.262 0.017 0.017 0.017 0.070 0.087 0.017 0.017 0.041 0.052 0.111 0.046 0.017 0.017 0.035 0.017 0.017 0.017 0.031 0.035  0.8636
0.017 0.035 0.035 0.017 0.035 0.035 0.017 0.017 0.017 0.165 0.262 0.017 0.073 0.017 0.035 0.035 0.030 0.017 0.035 0.069 0.017  0.8486
0.078 0.109 0.097 0.037 0.017 0.035 0.017 0.081 0.017 0.017 0.017 0.289 0.017 0.017 0.017 0.029 0.017 0.017 0.017 0.035 0.017  0.8332
0.035 0.017 0.054 0.174 0.017 0.052 0.090 0.262 0.017 0.017 0.017 0.052 0.017 0.017 0.017 0.025 0.046 0.017 0.017 0.017 0.017  0.8335
0.057 0.080 0.054 0.028 0.035 0.058 0.132 0.026 0.048 0.029 0.017 0.105 0.035 0.026 0.026 0.098 0.023 0.037 0.024 0.035 0.026  0.9427
0.044 0.096 0.061 0.050 0.017 0.026 0.117 0.035 0.017 0.017 0.035 0.126 0.017 0.031 0.026 0.074 0.052 0.035 0.035 0.071 0.017  0.9350
0.052 0.017 0.017 0.017 0.017 0.017 0.017 0.026 0.017 0.083 0.276 0.017 0.035 0.232 0.017 0.017 0.017 0.017 0.017 0.052 0.017  0.7915
0.035 0.061 0.063 0.054 0.017 0.041 0.026 0.088 0.035 0.089 0.052 0.017 0.032 0.026 0.017 0.041 0.146 0.017 0.078 0.046 0.017  0.9382
0.017 0.017 0.017 0.017 0.017 0.017 0.017 0.017 0.017 0.434 0.115 0.017 0.017 0.017 0.017 0.017 0.017 0.017 0.017 0.137 0.017  0.7075
0.035 0.048 0.064 0.041 0.051 0.026 0.052 0.065 0.035 0.132 0.026 0.037 0.035 0.070 0.017 0.052 0.081 0.026 0.038 0.050 0.017  0.9599
0.035 0.017 0.017 0.017 0.047 0.017 0.017 0.017 0.035 0.076 0.213 0.017 0.157 0.035 0.035 0.017 0.031 0.017 0.105 0.058 0.017  0.8676
0.054 0.052 0.052 0.017 0.031 0.017 0.017 0.035 0.017 0.122 0.061 0.017 0.017 0.032 0.017 0.037 0.017 0.017 0.232 0.116 0.017  0.8695
0.089 0.017 0.017 0.017 0.017 0.017 0.017 0.017 0.017 0.335 0.100 0.017 0.017 0.035 0.017 0.035 0.040 0.017 0.035 0.105 0.017  0.8032
0.017 0.017 0.152 0.293 0.035 0.017 0.035 0.017 0.017 0.017 0.017 0.017 0.017 0.017 0.017 0.172 0.052 0.017 0.017 0.017 0.017  0.7869
0.035 0.035 0.047 0.044 0.017 0.035 0.052 0.052 0.017 0.017 0.052 0.070 0.017 0.035 0.209 0.143 0.035 0.017 0.035 0.017 0.017  0.8966
0.044 0.017 0.054 0.114 0.017 0.035 0.117 0.020 0.017 0.017 0.017 0.044 0.017 0.017 0.017 0.028 0.020 0.017 0.017 0.017 0.334  0.8025
0.061 0.017 0.055 0.047 0.017 0.070 0.035 0.017 0.017 0.017 0.017 0.070 0.017 0.017 0.017 0.058 0.355 0.017 0.017 0.017 0.041  0.8121
0.017 0.017 0.017 0.023 0.017 0.026 0.035 0.544 0.017 0.017 0.047 0.017 0.035 0.035 0.026 0.017 0.017 0.017 0.017 0.020 0.017  0.6667
0.022 0.090 0.105 0.035 0.035 0.061 0.080 0.017 0.017 0.044 0.017 0.204 0.017 0.017 0.026 0.039 0.059 0.017 0.017 0.058 0.020  0.8977
0.041 0.017 0.017 0.017 0.017 0.017 0.017 0.017 0.017 0.307 0.017 0.035 0.035 0.017 0.044 0.017 0.046 0.017 0.017 0.249 0.017  0.7687
0.052 0.062 0.017 0.047 0.017 0.023 0.057 0.017 0.035 0.095 0.151 0.070 0.064 0.017 0.017 0.064 0.034 0.017 0.017 0.108 0.017  0.9204
0.017 0.017 0.017 0.092 0.017 0.017 0.542 0.035 0.017 0.017 0.017 0.017 0.017 0.035 0.017 0.017 0.017 0.017 0.017 0.017 0.017  0.6520
0.017 0.017 0.017 0.017 0.017 0.017 0.017 0.017 0.017 0.100 0.114 0.017 0.026 0.017 0.017 0.017 0.052 0.017 0.017 0.428 0.017  0.7294
0.035 0.078 0.032 0.074 0.017 0.026 0.148 0.057 0.035 0.022 0.024 0.041 0.017 0.017 0.017 0.135 0.052 0.017 0.082 0.055 0.017  0.9171
0.017 0.017 0.017 0.017 0.017 0.017 0.017 0.017 0.017 0.035 0.017 0.017 0.017 0.599 0.017 0.017 0.017 0.017 0.052 0.017 0.017  0.6073
0.070 0.076 0.061 0.049 0.017 0.070 0.098 0.052 0.029 0.061 0.061 0.029 0.026 0.035 0.017 0.046 0.080 0.017 0.035 0.052 0.017  0.9607
0.035 0.017 0.017 0.017 0.017 0.017 0.017 0.017 0.017 0.096 0.081 0.017 0.047 0.378 0.017 0.035 0.032 0.017 0.035 0.035 0.035  0.7921
0.039 0.099 0.023 0.087 0.017 0.017 0.044 0.017 0.054 0.026 0.034 0.052 0.020 0.087 0.046 0.091 0.075 0.035 0.035 0.065 0.035  0.9529
0.092 0.029 0.127 0.039 0.017 0.017 0.040 0.020 0.017 0.035 0.035 0.062 0.017 0.017 0.052 0.111 0.131 0.017 0.035 0.035 0.052  0.9198
0.026 0.020 0.174 0.082 0.017 0.020 0.017 0.052 0.037 0.046 0.052 0.035 0.017 0.128 0.017 0.030 0.051 0.017 0.017 0.089 0.052  0.9077
0.017 0.020 0.049 0.034 0.017 0.017 0.062 0.087 0.017 0.017 0.017 0.017 0.017 0.017 0.160 0.168 0.090 0.017 0.017 0.035 0.105  0.8748
0.052 0.017 0.017 0.017 0.035 0.035 0.035 0.035 0.035 0.090 0.052 0.035 0.035 0.022 0.220 0.038 0.020 0.017 0.017 0.070 0.105  0.8997
0.035 0.017 0.017 0.017 0.035 0.017 0.017 0.017 0.017 0.035 0.150 0.052 0.052 0.155 0.017 0.017 0.017 0.035 0.189 0.017 0.070  0.8631
0.277 0.017 0.052 0.017 0.017 0.035 0.035 0.035 0.017 0.017 0.055 0.035 0.035 0.017 0.017 0.052 0.125 0.017 0.052 0.020 0.052  0.8605
0.038 0.064 0.035 0.017 0.017 0.079 0.017 0.017 0.017 0.017 0.020 0.102 0.017 0.035 0.035 0.052 0.279 0.017 0.035 0.035 0.052  0.8625
0.035 0.017 0.017 0.017 0.017 0.017 0.035 0.017 0.017 0.383 0.070 0.017 0.017 0.052 0.017 0.017 0.017 0.017 0.017 0.129 0.052  0.7712
0.035 0.017 0.035 0.070 0.017 0.017 0.035 0.017 0.017 0.017 0.035 0.017 0.017 0.017 0.477 0.052 0.017 0.017 0.017 0.017 0.035  0.7213
0.052 0.017 0.017 0.017 0.017 0.017 0.017 0.035 0.017 0.135 0.070 0.017 0.017 0.017 0.212 0.017 0.017 0.017 0.017 0.216 0.035  0.8190
0.055 0.017 0.017 0.087 0.017 0.070 0.087 0.017 0.029 0.017 0.035 0.017 0.035 0.017 0.035 0.282 0.052 0.017 0.041 0.017 0.035  0.8603
0.017 0.105 0.017 0.035 0.017 0.017 0.070 0.017 0.017 0.024 0.017 0.090 0.017 0.017 0.017 0.017 0.090 0.017 0.035 0.282 0.061  0.8387
0.017 0.017 0.017 0.017 0.017 0.017 0.017 0.017 0.017 0.035 0.174 0.017 0.017 0.168 0.017 0.017 0.017 0.017 0.283 0.017 0.061  0.7813
0.073 0.247 0.017 0.017 0.017 0.035 0.122 0.035 0.044 0.052 0.017 0.035 0.017 0.052 0.017 0.035 0.017 0.017 0.052 0.017 0.061  0.8759
0.035 0.037 0.046 0.017 0.017 0.129 0.181 0.017 0.017 0.035 0.055 0.176 0.035 0.017 0.017 0.017 0.035 0.017 0.035 0.017 0.044  0.8743
0.017 0.017 0.017 0.017 0.017 0.017 0.017 0.017 0.017 0.361 0.221 0.017 0.061 0.035 0.017 0.017 0.017 0.017 0.017 0.017 0.044  0.7407
0.017 0.035 0.017 0.017 0.017 0.017 0.590 0.017 0.017 0.017 0.017 0.017 0.017 0.017 0.017 0.017 0.035 0.017 0.017 0.017 0.044  0.6181
0.035 0.035 0.035 0.052 0.017 0.105 0.035 0.017 0.017 0.046 0.084 0.090 0.017 0.017 0.017 0.017 0.173 0.017 0.017 0.109 0.044  0.9012
0.035 0.035 0.108 0.026 0.017 0.039 0.236 0.046 0.017 0.017 0.017 0.170 0.017 0.017 0.017 0.017 0.035 0.017 0.035 0.035 0.044  0.8553
0.017 0.017 0.017 0.017 0.017 0.017 0.035 0.017 0.017 0.232 0.341 0.017 0.017 0.035 0.017 0.017 0.017 0.017 0.035 0.035 0.044  0.7550
0.017 0.035 0.017 0.017 0.017 0.017 0.017 0.017 0.017 0.046 0.061 0.512 0.035 0.017 0.017 0.017 0.017 0.017 0.017 0.024 0.044  0.6907
0.017 0.070 0.061 0.032 0.017 0.077 0.097 0.017 0.017 0.017 0.017 0.262 0.017 0.017 0.017 0.061 0.035 0.017 0.017 0.017 0.096  0.8542
0.017 0.035 0.130 0.055 0.017 0.087 0.055 0.052 0.035 0.023 0.044 0.097 0.035 0.017 0.017 0.032 0.087 0.017 0.073 0.029 0.044  0.9391
0.035 0.017 0.017 0.017 0.035 0.017 0.017 0.017 0.017 0.252 0.132 0.017 0.017 0.017 0.017 0.035 0.017 0.017 0.035 0.185 0.065  0.8181
0.017 0.083 0.017 0.017 0.035 0.041 0.017 0.017 0.081 0.017 0.017 0.191 0.017 0.017 0.017 0.081 0.035 0.144 0.017 0.035 0.083  0.8782
0.035 0.017 0.017 0.017 0.017 0.017 0.017 0.017 0.017 0.051 0.109 0.017 0.017 0.316 0.017 0.017 0.017 0.070 0.092 0.017 0.083  0.8129
0.035 0.044 0.078 0.044 0.017 0.017 0.051 0.017 0.017 0.046 0.017 0.081 0.035 0.022 0.035 0.052 0.177 0.017 0.017 0.095 0.083  0.9167
0.034 0.017 0.017 0.035 0.017 0.017 0.035 0.017 0.017 0.070 0.075 0.017 0.035 0.070 0.278 0.017 0.043 0.017 0.035 0.052 0.083  0.8653
0.023 0.017 0.138 0.044 0.017 0.017 0.017 0.029 0.017 0.049 0.017 0.017 0.017 0.017 0.070 0.116 0.221 0.017 0.017 0.017 0.100  0.8527
0.085 0.035 0.026 0.070 0.017 0.035 0.193 0.026 0.017 0.023 0.035 0.081 0.017 0.017 0.100 0.022 0.046 0.017 0.017 0.017 0.100  0.8956
0.029 0.044 0.052 0.086 0.017 0.052 0.101 0.035 0.031 0.017 0.061 0.035 0.017 0.070 0.017 0.017 0.052 0.017 0.068 0.071 0.109  0.9452
0.103 0.017 0.052 0.087 0.017 0.017 0.017 0.308 0.017 0.017 0.052 0.017 0.022 0.017 0.035 0.017 0.017 0.017 0.017 0.017 0.113  0.8158
0.052 0.161 0.017 0.017 0.035 0.026 0.022 0.017 0.017 0.017 0.017 0.306 0.017 0.017 0.017 0.035 0.017 0.017 0.017 0.017 0.135  0.7928
0.017 0.080 0.026 0.035 0.017 0.052 0.020 0.052 0.017 0.017 0.017 0.253 0.049 0.017 0.035 0.052 0.052 0.017 0.017 0.017 0.135  0.8635
0.017 0.044 0.017 0.035 0.017 0.017 0.017 0.017 0.017 0.087 0.266 0.017 0.042 0.086 0.017 0.017 0.017 0.017 0.035 0.061 0.135  0.8434
0.017 0.032 0.350 0.052 0.017 0.035 0.017 0.017 0.017 0.017 0.017 0.106 0.017 0.017 0.017 0.028 0.035 0.017 0.017 0.017 0.135  0.7854
0.017 0.017 0.070 0.035 0.017 0.017 0.017 0.017 0.046 0.017 0.017 0.017 0.017 0.153 0.017 0.017 0.017 0.017 0.299 0.017 0.135  0.7959
0.017 0.017 0.026 0.017 0.017 0.017 0.017 0.017 0.017 0.284 0.133 0.017 0.068 0.017 0.017 0.035 0.017 0.017 0.017 0.057 0.153  0.8080
0.017 0.052 0.017 0.017 0.017 0.035 0.017 0.017 0.068 0.038 0.073 0.064 0.061 0.104 0.035 0.052 0.017 0.017 0.046 0.065 0.167  0.9217
0.034 0.100 0.017 0.017 0.031 0.035 0.017 0.017 0.017 0.017 0.093 0.017 0.035 0.105 0.017 0.017 0.017 0.017 0.085 0.044 0.248  0.8576
0.023 0.017 0.017 0.017 0.017 0.017 0.017 0.093 0.026 0.058 0.026 0.017 0.037 0.052 0.017 0.055 0.022 0.086 0.041 0.070 0.270  0.8641
0.017 0.017 0.031 0.017 0.017 0.023 0.017 0.017 0.017 0.029 0.032 0.023 0.035 0.035 0.017 0.017 0.017 0.266 0.017 0.035 0.299  0.7670
0.104 0.060 0.041 0.038 0.017 0.017 0.017 0.017 0.031 0.017 0.035 0.017 0.058 0.017 0.039 0.055 0.044 0.017 0.017 0.017 0.323  0.8340
0.017 0.017 0.017 0.017 0.017 0.121 0.017 0.017 0.093 0.067 0.031 0.017 0.017 0.017 0.017 0.017 0.017 0.017 0.052 0.055 0.337  0.7990
0.017 0.029 0.017 0.052 0.017 0.017 0.130 0.017 0.035 0.017 0.017 0.049 0.017 0.017 0.017 0.041 0.035 0.017 0.017 0.031 0.390  0.7737
0.017 0.017 0.017 0.017 0.017 0.017 0.017 0.017 0.017 0.039 0.052 0.017 0.017 0.029 0.121 0.017 0.017 0.017 0.017 0.096 0.401  0.7520
0.041 0.035 0.035 0.017 0.017 0.035 0.033 0.051 0.017 0.017 0.017 0.134 0.017 0.017 0.017 0.017 0.017 0.017 0.017 0.017 0.410  0.7550
0.033 0.017 0.017 0.026 0.017 0.017 0.017 0.035 0.017 0.017 0.017 0.017 0.017 0.017 0.017 0.026 0.035 0.017 0.017 0.052 0.548  0.6601
0.017 0.017 0.017 0.017 0.017 0.017 0.017 0.017 0.017 0.022 0.017 0.035 0.017 0.017 0.017 0.017 0.046 0.017 0.017 0.017 0.601  0.6072
0.017 0.017 0.017 0.017 0.017 0.017 0.017 0.017 0.017 0.035 0.051 0.017 0.017 0.017 0.017 0.017 0.017 0.017 0.017 0.017 0.601  0.6059
0.017 0.017 0.017 0.017 0.017 0.017 0.017 0.017 0.017 0.017 0.022 0.035 0.017 0.017 0.035 0.017 0.017 0.017 0.017 0.017 0.612  0.5972
0.017 0.017 0.017 0.017 0.017 0.017 0.017 0.017 0.017 0.017 0.017 0.017 0.017 0.017 0.057 0.017 0.017 0.017 0.017 0.017 0.612  0.5927
0.017 0.017 0.017 0.017 0.017 0.017 0.017 0.017 0.017 0.017 0.052 0.017 0.017 0.017 0.017 0.017 0.017 0.017 0.017 0.017 0.616  0.5892
0.017 0.017 0.023 0.017 0.017 0.017 0.017 0.017 0.017 0.017 0.017 0.017 0.017 0.017 0.029 0.017 0.035 0.017 0.017 0.017 0.616  0.5931
0.017 0.017 0.017 0.017 0.017 0.017 0.017 0.017 0.017 0.017 0.017 0.017 0.017 0.017 0.052 0.017 0.017 0.017 0.017 0.017 0.616  0.5892
0.017 0.017 0.017 0.017 0.017 0.017 0.017 0.035 0.017 0.017 0.017 0.017 0.017 0.017 0.035 0.017 0.017 0.017 0.017 0.017 0.616  0.5922
0.017 0.017 0.017 0.017 0.017 0.017 0.017 0.052 0.017 0.017 0.017 0.017 0.017 0.017 0.017 0.017 0.017 0.017 0.017 0.017 0.616  0.5892
0.017 0.017 0.017 0.017 0.017 0.035 0.017 0.017 0.017 0.017 0.017 0.017 0.017 0.017 0.023 0.029 0.017 0.017 0.017 0.017 0.616  0.5931
0.017 0.017 0.017 0.017 0.017 0.017 0.017 0.017 0.017 0.017 0.035 0.017 0.017 0.017 0.017 0.017 0.017 0.017 0.017 0.035 0.616  0.5922
0.017 0.017 0.017 0.035 0.017 0.017 0.017 0.017 0.017 0.017 0.017 0.017 0.035 0.017 0.017 0.017 0.017 0.017 0.017 0.017 0.616  0.5922
