T0771_fastaalg
MKRLLLITLLIGYIYPCVAQDKPIRTEESLEGTVIYKKTTTFEVDGYTYQCDVDDGSQFVTLYNKENKLTYEKIVYKDTGKTYIGSWSSNVIEYDRFMSQQADFIVDQAFTKAMADEIGKTELMITMLLSPNTGEVMEVNFNFFTFEPYAKVPLHVYREIEVKLKEQIHFKPIEEGKQLNYIMLAWMQKPQGKLPPLPPPGSLM
CCHEEEEHHHHHHHHHHHHCCCCCCCHHHHHCCCEEECCEEEECCCEEEEEECCCCCCEEEEEECCCCEEEECEEECCCCCCCCCCCCCCCCCCCCCCCHHHHHHHCHHCCHHHHHHHCCCEEEEEEEECCCCCEEEEEEEEECCCCCCCECCEEHHHHHHHHHHHCEEECCCHHHCHHEEEEEEHCCCCCCCCCCCCCCCCCC
eee-----------------eee-e-ee--ee-e--eeeee-eeee-------eee-e------ee-e----e--eeeeeee-eeeeeee--eeeeeeeee------e--eee-eee-eeee---------ee-e-e--e-e-ee-e-----------e--ee--ee-e-e--ee-ee----------eeeeeeee-eeeeeee
0.982079 0.975299 0.972616 0.969072 0.810768 0.228629 0.0945153 0.0577213 0.0530566 0.0600303 0.065803 0.0814333 0.0881503 0.0955094 0.100958 0.108471 0.110479 0.0974249 0.0930391 0.0921474 0.0573406 0.0544751 0.0765715 0.0975548 0.0612261 0.0645072 0.0435374 0.0479569 0.0670434 0.0835206 0.0518889 0.0689765 0.094595 0.0935396 0.128158 0.12589 0.072356 0.0644411 0.0634541 0.0678938 0.076363 0.12436 0.073625 0.0721223 0.0753194 0.0960715 0.150653 0.14022 0.183836 0.169444 0.191285 0.140419 0.139329 0.0899141 0.0827431 0.0948086 0.12655 0.110113 0.174807 0.163531 0.131925 0.142603 0.143193 0.0930215 0.0639932 0.0729769 0.0896346 0.0731715 0.129502 0.116604 0.136027 0.129278 0.108587 0.135985 0.120964 0.0787115 0.0563559 0.0586803 0.0500224 0.0498879 0.0486283 0.0623538 0.0945069 0.0710934 0.0552384 0.0517312 0.0512501 0.0530204 0.056368 0.059271 0.0955277 0.102329 0.0709915 0.0731199 0.057936 0.0533455 0.0587001 0.054531 0.0484729 0.0485281 0.0569959 0.0881138 0.0904903 0.105855 0.114142 0.118898 0.0960599 0.0706734 0.0926891 0.11627 0.0607257 0.047676 0.0523534 0.0856257 0.0541305 0.0454413 0.0496104 0.0790801 0.0606872 0.0631106 0.0737052 0.0883351 0.145789 0.146867 0.171281 0.16546 0.157601 0.15109 0.125393 0.110482 0.104881 0.0736131 0.0672604 0.0993652 0.0798644 0.126215 0.109353 0.146531 0.170508 0.134755 0.168175 0.0981904 0.126414 0.0903528 0.0688203 0.1111 0.0777648 0.115338 0.132942 0.12728 0.0993692 0.141483 0.154358 0.132948 0.118126 0.124814 0.123473 0.0918074 0.0697806 0.101816 0.0932263 0.0649593 0.0544725 0.0960442 0.0847673 0.0703625 0.0896068 0.125846 0.0944097 0.124785 0.0773795 0.110593 0.084985 0.05443 0.0542596 0.0768299 0.0600994 0.0685868 0.139357 0.130519 0.166087 0.175592 0.192734 0.172535 0.129843 0.118 0.127422 0.110508 0.0675206 0.0670134 0.0502784 0.0500871 0.0463746 0.064027 0.0622689 0.0647382 0.0896204 0.0676477 0.0629096 0.0629549 0.0635195 0.0733971 0.126755 0.143044 
0.975299 0.969171 0.976815 0.985906 0.966708 0.462752 0.0702338 0.0332784 0.036145 0.0430476 0.04956 0.0629369 0.0680854 0.0734155 0.0832609 0.0923582 0.0924212 0.0900744 0.0824571 0.0895909 0.0706731 0.0448207 0.0542392 0.0614643 0.0532224 0.0715489 0.0741917 0.0776153 0.0883936 0.102916 0.0767759 0.0761217 0.0963635 0.105061 0.149828 0.162426 0.0795227 0.0655539 0.0707618 0.0532822 0.0765407 0.117416 0.097588 0.105636 0.0939873 0.098937 0.158381 0.145064 0.209826 0.188981 0.204938 0.184066 0.17683 0.115647 0.0987284 0.0870118 0.117791 0.107496 0.146383 0.164159 0.134542 0.160125 0.17805 0.127361 0.0625005 0.0809152 0.1047 0.0606179 0.121336 0.129215 0.1759 0.157836 0.147503 0.165733 0.153687 0.0750326 0.0449632 0.0567741 0.0521645 0.05275 0.0422572 0.0561167 0.0836941 0.0718309 0.0555943 0.0580756 0.0655745 0.0601455 0.0654301 0.061799 0.0972521 0.110439 0.0927209 0.0911145 0.0760424 0.0576707 0.0555854 0.0533544 0.0464307 0.0485901 0.0564668 0.0908972 0.110669 0.118756 0.117462 0.126016 0.114941 0.0883159 0.0953679 0.105824 0.0675024 0.0452762 0.0512867 0.078532 0.0539088 0.0589904 0.0630336 0.0768495 0.055482 0.0493163 0.0774876 0.110458 0.170491 0.174339 0.190037 0.178623 0.181483 0.171714 0.151804 0.138414 0.130219 0.104858 0.0832483 0.110983 0.0787938 0.134965 0.130049 0.191005 0.202509 0.166239 0.166224 0.121174 0.116228 0.0860136 0.0661484 0.0916989 0.0813477 0.117342 0.12762 0.133618 0.102992 0.154323 0.163906 0.139456 0.122148 0.126974 0.123761 0.0967818 0.0884532 0.118018 0.124104 0.0857196 0.0530351 0.110092 0.082678 0.0754243 0.0950877 0.129536 0.0865728 0.120152 0.071609 0.106006 0.0906467 0.0685261 0.0654093 0.0819457 0.0490173 0.0626618 0.137789 0.146835 0.197983 0.198561 0.203181 0.176693 0.142187 0.119856 0.119985 0.10641 0.069236 0.0647795 0.0373553 0.0427409 0.0345977 0.0481224 0.0602189 0.0593342 0.0741851 0.0653434 0.0557579 0.054774 0.0477304 0.0535904 0.0896768 0.140144 
0.972616 0.976815 0.975569 0.985263 0.987863 0.963164 0.28548 0.0635901 0.0526155 0.0690888 0.079836 0.0823342 0.0837777 0.109206 0.11547 0.119303 0.124443 0.133671 0.112114 0.0904806 0.0709415 0.0466643 0.0574592 0.0914013 0.0511356 0.0948273 0.0780055 0.0763818 0.0984575 0.152885 0.0909131 0.0822256 0.10921 0.114256 0.172971 0.172457 0.117133 0.0922594 0.0805764 0.0684449 0.0897311 0.148027 0.117578 0.116249 0.0981035 0.0891115 0.165638 0.165647 0.235816 0.215515 0.233904 0.221423 0.223599 0.133717 0.102729 0.0829245 0.117316 0.107617 0.182143 0.225521 0.176474 0.234815 0.204128 0.14058 0.0839003 0.0861443 0.100704 0.0732404 0.148416 0.153605 0.199875 0.196869 0.149618 0.174255 0.186816 0.0960464 0.0548006 0.0591633 0.0522836 0.0476191 0.046895 0.0602344 0.0896518 0.0809212 0.0590498 0.0575066 0.065333 0.0587568 0.0618401 0.06385 0.108923 0.132863 0.0935229 0.0819451 0.0717533 0.0526567 0.0562587 0.0538113 0.0527685 0.0551268 0.0623759 0.106698 0.131503 0.143954 0.17025 0.180712 0.139871 0.0985294 0.127402 0.137447 0.0772343 0.0551873 0.0645943 0.102341 0.0710093 0.0668051 0.0656531 0.105502 0.0648642 0.0543826 0.0807142 0.116503 0.214268 0.219143 0.262031 0.248208 0.234968 0.231858 0.218548 0.171589 0.164174 0.118554 0.097021 0.110788 0.0993999 0.18535 0.17511 0.233153 0.267275 0.198925 0.205619 0.147873 0.147653 0.107356 0.0776754 0.112121 0.0866318 0.134333 0.142055 0.169642 0.133115 0.205215 0.195284 0.203766 0.151448 0.186239 0.155186 0.113466 0.102602 0.169112 0.158853 0.0975455 0.0611452 0.143479 0.129546 0.0899645 0.0927222 0.167184 0.117221 0.153491 0.101549 0.13719 0.113431 0.0783902 0.0756623 0.0963791 0.0583544 0.0713575 0.178885 0.176451 0.223816 0.26419 0.266033 0.234251 0.185965 0.170141 0.150211 0.143776 0.0946604 0.0756484 0.0407218 0.0411621 0.0389155 0.0654892 0.0674855 0.0743356 0.121431 0.0847036 0.0714481 0.0656573 0.0472823 0.0529413 0.0967798 0.112223 
0.969072 0.985906 0.985263 0.991117 0.993263 0.992155 0.957463 0.37304 0.233261 0.320349 0.311146 0.23783 0.228427 0.283229 0.236337 0.204161 0.224904 0.239208 0.220084 0.139188 0.0723391 0.0604143 0.0749844 0.177215 0.101669 0.11531 0.0687718 0.0693048 0.133165 0.275855 0.118868 0.0901293 0.177599 0.168593 0.324868 0.320469 0.215463 0.157194 0.126823 0.149398 0.176815 0.301169 0.17462 0.134139 0.102869 0.0985585 0.262153 0.301191 0.387556 0.361982 0.361597 0.306916 0.337025 0.155333 0.103664 0.09266 0.170223 0.154868 0.341459 0.449703 0.393048 0.463594 0.363762 0.235346 0.113935 0.0969635 0.140907 0.119351 0.33391 0.317633 0.36068 0.376894 0.205073 0.338476 0.377041 0.212142 0.103656 0.0705525 0.0624882 0.0529653 0.0590098 0.0749007 0.143056 0.109572 0.0719743 0.0618682 0.0775424 0.0617544 0.0667417 0.0782943 0.17259 0.213455 0.0962428 0.0835663 0.0655456 0.0576294 0.0668421 0.0686013 0.0616546 0.0714249 0.0818395 0.179924 0.209998 0.262318 0.362187 0.363339 0.2194 0.129637 0.239675 0.250939 0.110945 0.0792566 0.0997792 0.187818 0.0997515 0.0727334 0.0772135 0.206492 0.0878693 0.0856372 0.120567 0.193609 0.443251 0.463116 0.557898 0.499851 0.487227 0.467669 0.448336 0.261437 0.201302 0.110027 0.104211 0.160634 0.181939 0.387519 0.318551 0.382397 0.477017 0.324064 0.392305 0.236532 0.30299 0.14919 0.0966845 0.181374 0.105366 0.173445 0.229677 0.308391 0.316922 0.393994 0.336578 0.428479 0.331505 0.387788 0.310117 0.244744 0.136836 0.322374 0.248688 0.156485 0.119875 0.337455 0.278881 0.121266 0.130231 0.380142 0.254265 0.306622 0.157024 0.209295 0.176635 0.0891391 0.0977791 0.173443 0.108574 0.125108 0.366843 0.319415 0.401104 0.525504 0.502436 0.468411 0.369565 0.332276 0.266335 0.21612 0.102863 0.0765617 0.0568698 0.0483987 0.0555454 0.10878 0.0816116 0.0756836 0.193224 0.0916014 0.0644179 0.0615647 0.0546301 0.0626179 0.136333 0.15532 
0.810768 0.966708 0.987863 0.993263 0.99442 0.994787 0.992898 0.969355 0.819709 0.694779 0.59905 0.408479 0.383916 0.429404 0.302818 0.232175 0.260677 0.262591 0.238382 0.137545 0.0682541 0.0626485 0.0757179 0.215985 0.110574 0.131862 0.0667173 0.0656879 0.156438 0.326666 0.123944 0.0989783 0.213108 0.195452 0.376654 0.385526 0.263145 0.182503 0.151598 0.186536 0.216093 0.349147 0.198412 0.138443 0.107584 0.109776 0.29327 0.350704 0.440423 0.414308 0.404721 0.345246 0.37753 0.168642 0.114983 0.108171 0.211073 0.187465 0.416794 0.542822 0.489145 0.545903 0.435614 0.285152 0.132564 0.102717 0.16126 0.146071 0.389243 0.381324 0.41845 0.43127 0.235253 0.38768 0.436892 0.238727 0.113578 0.0729879 0.0671169 0.0558846 0.0634356 0.0817888 0.166053 0.122001 0.0799192 0.0658317 0.0773028 0.0640887 0.075402 0.0880541 0.214476 0.243787 0.0940205 0.0829349 0.0649012 0.0640906 0.0705225 0.0756695 0.0704949 0.0806045 0.0953317 0.213765 0.260207 0.338017 0.454998 0.433235 0.253977 0.150788 0.305391 0.299755 0.125974 0.0971057 0.113491 0.221749 0.112055 0.077421 0.0847732 0.253937 0.101075 0.0999516 0.143484 0.22355 0.51603 0.543718 0.648899 0.598386 0.589015 0.594419 0.524029 0.299853 0.224097 0.111931 0.119866 0.20191 0.22155 0.46492 0.385119 0.418865 0.549562 0.384109 0.468676 0.277084 0.370439 0.17649 0.114849 0.212795 0.113869 0.207315 0.28185 0.368983 0.381043 0.474913 0.408629 0.522018 0.414242 0.462611 0.371395 0.294423 0.146134 0.394215 0.268024 0.180368 0.148414 0.415897 0.334657 0.13901 0.153007 0.462523 0.31027 0.376594 0.184198 0.246557 0.199018 0.0988198 0.116433 0.20884 0.127521 0.151261 0.432972 0.371065 0.4789 0.621354 0.583206 0.557519 0.436214 0.385804 0.295702 0.244982 0.105065 0.0774398 0.0669594 0.0573958 0.0712177 0.112995 0.0849011 0.0859772 0.193442 0.0860852 0.0623169 0.0568952 0.0542872 0.0599936 0.125062 0.117988 
0.228629 0.462752 0.963164 0.992155 0.994787 0.994951 0.994377 0.991675 0.976196 0.951118 0.92203 0.858583 0.719574 0.589807 0.354029 0.222916 0.240138 0.234029 0.20619 0.128953 0.0619714 0.0626761 0.0789944 0.218441 0.11664 0.156326 0.072261 0.06605 0.164275 0.358689 0.121886 0.106555 0.231372 0.198873 0.368881 0.39414 0.26733 0.187612 0.160643 0.19662 0.219405 0.346701 0.189222 0.138918 0.104551 0.112314 0.298358 0.362441 0.442005 0.41133 0.399606 0.342681 0.374811 0.170369 0.117528 0.112503 0.218211 0.192328 0.431443 0.565769 0.51391 0.556558 0.437994 0.291742 0.135583 0.101224 0.166483 0.153514 0.397544 0.398396 0.432992 0.429096 0.246926 0.394936 0.436424 0.232802 0.111888 0.0739098 0.071512 0.0580079 0.0658605 0.0826105 0.168507 0.116341 0.0776169 0.0661183 0.0785405 0.0688086 0.0782699 0.090796 0.220199 0.24114 0.0880303 0.0815868 0.0663477 0.0657172 0.0757494 0.0824242 0.079815 0.0849941 0.0972036 0.23028 0.27656 0.343822 0.452306 0.437111 0.258398 0.152949 0.311753 0.308468 0.13631 0.102563 0.117133 0.218142 0.111908 0.0776415 0.0840481 0.258197 0.104463 0.103381 0.14102 0.226831 0.520523 0.573268 0.658926 0.621887 0.611363 0.614529 0.542379 0.311504 0.231961 0.117022 0.130287 0.215576 0.236888 0.464304 0.374629 0.418414 0.549837 0.377027 0.475467 0.284156 0.383932 0.181553 0.126174 0.22481 0.123426 0.220904 0.309086 0.389272 0.413354 0.483611 0.429225 0.540217 0.437267 0.483408 0.376422 0.295615 0.1489 0.386007 0.273982 0.18574 0.149335 0.410076 0.33159 0.141504 0.15649 0.450832 0.317764 0.397642 0.197747 0.254793 0.216607 0.103192 0.117862 0.218474 0.138039 0.159059 0.427083 0.375378 0.492784 0.626056 0.592278 0.56396 0.446177 0.383424 0.287402 0.238239 0.104995 0.0830646 0.0833288 0.0743975 0.078381 0.122088 0.0775329 0.096989 0.19658 0.0758725 0.0599333 0.055859 0.0531587 0.0537221 0.116519 0.0959625 
0.0945153 0.0702338 0.28548 0.957463 0.992898 0.994377 0.994354 0.993262 0.993348 0.99471 0.993164 0.982792 0.953698 0.881423 0.561085 0.231363 0.199506 0.198824 0.171891 0.115371 0.0557276 0.056929 0.0771437 0.193561 0.106809 0.176282 0.0960185 0.0822936 0.174875 0.353039 0.123027 0.110646 0.248876 0.210017 0.36043 0.376765 0.25189 0.184571 0.165797 0.193443 0.215997 0.33373 0.179082 0.121154 0.0983287 0.123501 0.298749 0.364393 0.425206 0.39859 0.389345 0.326217 0.357078 0.170174 0.122408 0.119366 0.227445 0.195822 0.436596 0.53416 0.49603 0.544692 0.41438 0.286053 0.136857 0.106508 0.172421 0.150639 0.376936 0.381984 0.408137 0.416378 0.2376 0.368532 0.41949 0.220006 0.109147 0.0742963 0.0720694 0.0623183 0.0668913 0.0788013 0.163098 0.116733 0.0757472 0.0624751 0.0708342 0.0678354 0.0773163 0.0909899 0.215314 0.21756 0.0895735 0.0845403 0.0685134 0.0653354 0.080696 0.0853384 0.0842602 0.0875804 0.102102 0.247412 0.274019 0.345795 0.437686 0.439009 0.271768 0.163502 0.333992 0.322495 0.145174 0.109135 0.124617 0.213732 0.113014 0.0782609 0.0871317 0.237943 0.103159 0.101912 0.136649 0.197728 0.482884 0.532396 0.628883 0.610091 0.586647 0.582815 0.542785 0.301857 0.240281 0.114994 0.127405 0.22577 0.220992 0.433003 0.329991 0.378196 0.519174 0.352501 0.464882 0.280295 0.377452 0.186203 0.134992 0.242305 0.13377 0.236011 0.319811 0.389102 0.392943 0.466998 0.407364 0.513392 0.420716 0.477422 0.373977 0.302576 0.148815 0.369744 0.253541 0.177593 0.140148 0.387224 0.307216 0.14468 0.156091 0.417959 0.296932 0.386699 0.19994 0.264902 0.223415 0.109268 0.124101 0.21887 0.135849 0.151812 0.412908 0.358458 0.479643 0.591729 0.557805 0.545755 0.436692 0.380102 0.270951 0.241168 0.102847 0.0784375 0.0687097 0.0772587 0.0663576 0.0937282 0.0758915 0.0819748 0.189003 0.0801977 0.0638195 0.0591934 0.056467 0.0545294 0.104511 0.0954479 
0.0577213 0.0332784 0.0635901 0.37304 0.969355 0.991675 0.993262 0.988615 0.993931 0.994817 0.994033 0.993133 0.990835 0.982996 0.8603 0.302216 0.178732 0.149022 0.133443 0.103246 0.0555112 0.0538297 0.072304 0.182926 0.122963 0.1747 0.121374 0.109394 0.216439 0.324892 0.141096 0.140954 0.248729 0.200425 0.327054 0.325921 0.204444 0.172269 0.150748 0.162735 0.171874 0.282214 0.136625 0.109241 0.0991562 0.12988 0.284202 0.326297 0.370437 0.351851 0.353665 0.317136 0.349487 0.148561 0.119433 0.126838 0.237222 0.178775 0.366955 0.448507 0.401371 0.460895 0.356289 0.26052 0.139678 0.11299 0.180935 0.150157 0.300055 0.308422 0.342763 0.340993 0.210667 0.326622 0.348611 0.170762 0.103731 0.0828401 0.0861509 0.0723282 0.0757654 0.0895411 0.160975 0.125121 0.0887557 0.078095 0.0835939 0.0796557 0.0874411 0.0960307 0.220998 0.237974 0.10079 0.0919081 0.0782254 0.0777584 0.0886102 0.0914669 0.0939448 0.108169 0.119659 0.257522 0.293742 0.325108 0.413118 0.411779 0.286907 0.196962 0.347316 0.322191 0.149377 0.137156 0.152073 0.226627 0.137262 0.107123 0.109648 0.249829 0.106353 0.101911 0.122093 0.147604 0.362364 0.408351 0.516525 0.478872 0.472549 0.480129 0.463567 0.325877 0.269917 0.133978 0.134837 0.233302 0.190387 0.343873 0.245765 0.29928 0.407634 0.251491 0.37213 0.226964 0.330787 0.179718 0.134102 0.262828 0.15473 0.265653 0.325814 0.366413 0.361452 0.424882 0.371634 0.432757 0.364397 0.436814 0.342267 0.298029 0.167054 0.353668 0.260516 0.185031 0.147999 0.343063 0.280415 0.146504 0.149708 0.356466 0.20707 0.316369 0.191016 0.274356 0.259204 0.139548 0.151778 0.248961 0.138554 0.153363 0.355121 0.300028 0.378897 0.485382 0.456889 0.442929 0.370301 0.334281 0.261849 0.230709 0.105948 0.0807293 0.0677359 0.0604882 0.063993 0.0926722 0.0882703 0.0825874 0.18972 0.0930652 0.0785093 0.0703351 0.0575918 0.0549366 0.0856597 0.0886953 
0.0530566 0.036145 0.0526155 0.233261 0.819709 0.976196 0.993348 0.993931 0.98666 0.993358 0.994408 0.992378 0.993039 0.991814 0.986236 0.832454 0.229004 0.136772 0.115202 0.0830847 0.0507876 0.0511098 0.0700361 0.21331 0.127422 0.162727 0.102413 0.0942751 0.201824 0.353537 0.157228 0.130434 0.219166 0.183168 0.305455 0.287906 0.16782 0.14579 0.134908 0.139806 0.144169 0.244221 0.119384 0.0995653 0.090723 0.107183 0.239622 0.275596 0.318619 0.31517 0.311567 0.269633 0.299321 0.128771 0.0976861 0.107317 0.19487 0.160277 0.328517 0.409317 0.360854 0.405028 0.314825 0.233425 0.119485 0.0975286 0.156887 0.127491 0.268959 0.268047 0.291992 0.278071 0.177394 0.298234 0.309298 0.147694 0.0925916 0.0732612 0.0817041 0.0662921 0.0654428 0.0755441 0.142825 0.110301 0.0800768 0.0670499 0.0784926 0.0698613 0.0745408 0.0823387 0.19001 0.223345 0.0905716 0.0812912 0.0740627 0.0739854 0.0853677 0.0877525 0.0868454 0.097548 0.107281 0.233693 0.261745 0.30608 0.385268 0.385497 0.249633 0.166488 0.307013 0.286768 0.144395 0.12011 0.134724 0.213869 0.130285 0.0960317 0.097272 0.236221 0.097623 0.0839029 0.101549 0.118795 0.324947 0.352909 0.46956 0.424468 0.431089 0.451502 0.437798 0.302402 0.224523 0.112814 0.119723 0.20072 0.152046 0.296189 0.201279 0.239231 0.339919 0.202321 0.310286 0.181883 0.27332 0.162139 0.126435 0.238981 0.141581 0.235786 0.285943 0.335604 0.321322 0.394249 0.344781 0.397463 0.332977 0.396882 0.323672 0.272864 0.141896 0.327165 0.240466 0.169355 0.131502 0.324856 0.257318 0.130164 0.124238 0.302201 0.171914 0.271224 0.164855 0.245114 0.232478 0.125569 0.127588 0.232611 0.124094 0.134553 0.345094 0.260751 0.319194 0.430511 0.40355 0.410146 0.326473 0.312587 0.242466 0.20745 0.0909826 0.0712528 0.0595523 0.0520849 0.0574474 0.110476 0.0754322 0.0769628 0.200673 0.0836509 0.0649395 0.0537428 0.0459872 0.0511692 0.100118 0.106192 
0.0600303 0.0430476 0.0690888 0.320349 0.694779 0.951118 0.99471 0.994817 0.993358 0.987608 0.992887 0.993829 0.993258 0.993459 0.992293 0.986099 0.852083 0.287648 0.144629 0.0863916 0.0427214 0.0471288 0.0716379 0.223356 0.129845 0.167197 0.10126 0.0945177 0.212815 0.384123 0.151622 0.12194 0.214728 0.17427 0.304287 0.290195 0.166863 0.138973 0.12573 0.13377 0.136903 0.247963 0.116411 0.0969379 0.0860565 0.0989842 0.231188 0.25334 0.314179 0.295902 0.3016 0.254419 0.311327 0.132081 0.0989368 0.099768 0.192206 0.160456 0.343427 0.440279 0.369786 0.408504 0.332952 0.227258 0.114465 0.094842 0.153657 0.124811 0.285865 0.262686 0.300171 0.28459 0.168797 0.289848 0.325577 0.15552 0.0938389 0.0709262 0.0736449 0.061938 0.0612233 0.0722161 0.154445 0.118589 0.0790916 0.0695142 0.0805232 0.0735809 0.0802116 0.087598 0.212105 0.23739 0.0904824 0.0836248 0.0720977 0.0727708 0.0907728 0.0956674 0.0905246 0.1043 0.116346 0.253168 0.279792 0.335819 0.426952 0.425891 0.254888 0.170255 0.328154 0.313017 0.142518 0.119944 0.13939 0.240836 0.13804 0.0979753 0.102508 0.262141 0.098712 0.085401 0.0997712 0.124157 0.351208 0.374287 0.48882 0.442947 0.450171 0.452054 0.434797 0.276085 0.214285 0.105449 0.109797 0.186991 0.140737 0.307405 0.195534 0.234445 0.359448 0.220374 0.327812 0.182036 0.282755 0.166721 0.128931 0.237936 0.131631 0.23713 0.303072 0.341651 0.315291 0.412546 0.359368 0.420501 0.342833 0.419818 0.354287 0.286919 0.144872 0.354585 0.249834 0.169981 0.13378 0.363081 0.302004 0.140916 0.124954 0.339092 0.188653 0.289745 0.163468 0.255453 0.228227 0.124806 0.142774 0.25013 0.12913 0.140166 0.369681 0.262233 0.332619 0.456061 0.422103 0.416858 0.346625 0.347216 0.258552 0.231643 0.0940789 0.072221 0.0625637 0.0582412 0.0641518 0.109583 0.069621 0.0784028 0.204327 0.0793812 0.0616142 0.054566 0.0486951 0.0528964 0.0979438 0.0979898 
0.065803 0.04956 0.079836 0.311146 0.59905 0.92203 0.993164 0.994033 0.994408 0.992887 0.988221 0.992861 0.99418 0.993768 0.99349 0.992832 0.982213 0.873957 0.238189 0.0980522 0.0441193 0.0490068 0.0777493 0.210971 0.140494 0.201891 0.135757 0.126015 0.239736 0.40193 0.152979 0.125408 0.222504 0.179127 0.279359 0.278965 0.157343 0.137229 0.123784 0.131245 0.142578 0.264586 0.118831 0.0970021 0.0862205 0.105882 0.232349 0.255619 0.307243 0.290253 0.304942 0.261824 0.304807 0.130498 0.0957211 0.102722 0.191525 0.160916 0.342041 0.41929 0.372894 0.419484 0.318942 0.217868 0.11046 0.0917435 0.151195 0.126371 0.270092 0.256292 0.298981 0.291867 0.170996 0.268528 0.305811 0.143819 0.0923448 0.0686027 0.0712798 0.0617197 0.063838 0.0768464 0.158557 0.109111 0.0744081 0.0658356 0.0775404 0.0720705 0.0817319 0.089979 0.209998 0.211362 0.085064 0.0804376 0.0719136 0.074141 0.091959 0.0948185 0.0887429 0.101427 0.115 0.25389 0.283706 0.343152 0.415359 0.417192 0.251694 0.175049 0.334804 0.317157 0.142375 0.124539 0.142471 0.240202 0.134306 0.0950319 0.100562 0.234238 0.0936896 0.0847102 0.101462 0.128471 0.355173 0.376539 0.465764 0.432163 0.423381 0.430165 0.401354 0.244716 0.207795 0.106147 0.109721 0.189556 0.137804 0.28784 0.172859 0.224083 0.35276 0.214221 0.330885 0.171639 0.290804 0.162444 0.127906 0.238568 0.127845 0.239382 0.308473 0.350172 0.315397 0.405872 0.359799 0.42149 0.332631 0.420322 0.346233 0.28332 0.147917 0.337786 0.241934 0.166472 0.13866 0.369551 0.297669 0.138267 0.126994 0.308783 0.175719 0.284544 0.159967 0.259932 0.226309 0.130029 0.149058 0.246812 0.130614 0.141798 0.363615 0.263017 0.345258 0.426669 0.397285 0.386177 0.324655 0.32206 0.246177 0.228831 0.0887905 0.0773193 0.066359 0.0710784 0.0781638 0.101187 0.0856677 0.0935849 0.215495 0.0994841 0.0744972 0.0687817 0.0655473 0.0640108 0.0993353 0.0911298 
0.0814333 0.0629369 0.0823342 0.23783 0.408479 0.858583 0.982792 0.993133 0.992378 0.993829 0.992861 0.990054 0.993684 0.994374 0.993381 0.993207 0.992051 0.975715 0.80266 0.188172 0.057616 0.0637526 0.0887547 0.21249 0.140094 0.21659 0.13607 0.125891 0.231929 0.297726 0.11553 0.113219 0.217178 0.16159 0.244402 0.241454 0.151421 0.136547 0.117708 0.124374 0.130721 0.218333 0.119407 0.0928383 0.0906841 0.116784 0.207596 0.255289 0.2846 0.297528 0.332217 0.266945 0.28545 0.119127 0.0975343 0.103084 0.187011 0.142066 0.254643 0.330176 0.298342 0.348648 0.267363 0.217721 0.117287 0.0884981 0.146798 0.123967 0.207564 0.231203 0.255398 0.266079 0.159788 0.234212 0.250852 0.121911 0.0907972 0.0696922 0.0724652 0.0590313 0.0667755 0.0786396 0.133369 0.0956767 0.0684551 0.0642316 0.0723367 0.0729936 0.0813909 0.0872367 0.172502 0.177842 0.0806738 0.0764003 0.074396 0.0787974 0.0890087 0.098246 0.0918386 0.103004 0.113393 0.247399 0.276405 0.297405 0.352381 0.348986 0.241428 0.165434 0.292506 0.264551 0.131356 0.120344 0.126653 0.208819 0.116638 0.0938885 0.0928812 0.197279 0.0863006 0.0843776 0.102069 0.113497 0.265009 0.304919 0.371292 0.36635 0.367757 0.358341 0.329713 0.241468 0.211301 0.111267 0.113612 0.180108 0.124465 0.228827 0.148046 0.190173 0.285361 0.178928 0.277989 0.167905 0.248858 0.151549 0.121828 0.2071 0.127254 0.237351 0.268739 0.328292 0.275941 0.358312 0.327344 0.353659 0.290828 0.388547 0.305818 0.268059 0.130056 0.276692 0.195185 0.138552 0.114729 0.287584 0.243287 0.116682 0.116137 0.241981 0.152735 0.23651 0.158728 0.250574 0.212193 0.125132 0.129374 0.223042 0.122446 0.126541 0.307704 0.245082 0.287453 0.354571 0.324418 0.317958 0.282428 0.277366 0.243331 0.216693 0.099348 0.0904517 0.0823898 0.0705879 0.0814349 0.096935 0.08149 0.100777 0.188398 0.102432 0.0930508 0.0939107 0.0782837 0.0661567 0.0821235 0.0899736 
0.0881503 0.0680854 0.0837777 0.228427 0.383916 0.719574 0.953698 0.990835 0.993039 0.993258 0.99418 0.993684 0.991876 0.993857 0.99391 0.993733 0.993372 0.991934 0.969517 0.725839 0.135067 0.124984 0.138441 0.268528 0.203642 0.282472 0.179929 0.162359 0.233483 0.314458 0.144299 0.130992 0.215294 0.156951 0.25917 0.257595 0.16608 0.137182 0.119412 0.124218 0.133024 0.225848 0.122729 0.0989867 0.0965906 0.12297 0.211642 0.254811 0.300784 0.321479 0.358766 0.272782 0.272725 0.128527 0.0962485 0.107477 0.183971 0.138525 0.259725 0.318523 0.280854 0.343121 0.271465 0.226408 0.119959 0.0964053 0.146489 0.117018 0.216853 0.228776 0.250419 0.276723 0.167141 0.241499 0.252781 0.113104 0.0860656 0.0732768 0.0753106 0.0638194 0.0674445 0.0836067 0.120165 0.0955553 0.0798168 0.0649913 0.0717162 0.0731202 0.0763238 0.0798689 0.162238 0.178721 0.0857984 0.0694686 0.0705959 0.0774605 0.086705 0.0944061 0.092836 0.103041 0.115301 0.258586 0.282237 0.285966 0.340987 0.346836 0.241981 0.15998 0.286806 0.262404 0.127931 0.113599 0.124998 0.190987 0.117828 0.0967996 0.0973703 0.205004 0.0937061 0.0845825 0.0963726 0.113592 0.253186 0.270756 0.353699 0.36999 0.374187 0.366159 0.326851 0.246677 0.214708 0.106017 0.106743 0.179182 0.12373 0.219412 0.154914 0.198572 0.275304 0.165022 0.269045 0.175818 0.250883 0.167462 0.123542 0.208059 0.135606 0.250451 0.261433 0.327448 0.279022 0.363567 0.348356 0.348052 0.302522 0.382307 0.304057 0.266536 0.13295 0.266258 0.214495 0.141195 0.116512 0.27285 0.247083 0.133854 0.118699 0.247177 0.177187 0.256138 0.165368 0.247505 0.212756 0.134786 0.128103 0.214527 0.121318 0.12466 0.312427 0.264517 0.285499 0.362923 0.355759 0.363796 0.297598 0.293508 0.242691 0.212285 0.102637 0.108464 0.0910663 0.0779572 0.0788189 0.106421 0.100787 0.118009 0.227823 0.121752 0.115505 0.108515 0.0783762 0.0647035 0.0926374 0.100079 
0.0955094 0.0734155 0.109206 0.283229 0.429404 0.589807 0.881423 0.982996 0.991814 0.993459 0.993768 0.994374 0.993857 0.989652 0.993628 0.994601 0.993937 0.993429 0.991302 0.954865 0.373853 0.174663 0.186912 0.346206 0.228076 0.30518 0.204478 0.175577 0.259956 0.354124 0.159151 0.131245 0.240366 0.169986 0.287295 0.310643 0.176637 0.146719 0.127033 0.123944 0.142674 0.256321 0.121123 0.0926356 0.0874597 0.112378 0.239289 0.280846 0.328258 0.300711 0.328388 0.260122 0.295299 0.127408 0.0887353 0.0963124 0.182086 0.144131 0.295276 0.362381 0.342613 0.402732 0.330131 0.220565 0.109325 0.0932388 0.154166 0.117263 0.244349 0.259714 0.295387 0.301918 0.177333 0.257123 0.266946 0.128963 0.0827552 0.0651466 0.0696497 0.0584279 0.0665659 0.0771349 0.154384 0.0993724 0.0787964 0.0668442 0.0756614 0.072539 0.0751799 0.0825297 0.175392 0.199441 0.0855148 0.0776022 0.0701386 0.0726552 0.086738 0.0915919 0.0866537 0.109056 0.127622 0.263526 0.288551 0.332673 0.397779 0.411872 0.267964 0.177543 0.325243 0.309595 0.13448 0.114705 0.133954 0.234419 0.131354 0.0960482 0.0997814 0.226766 0.0898232 0.0827589 0.0989634 0.127543 0.335428 0.371056 0.434518 0.438709 0.449544 0.417794 0.38018 0.24193 0.204607 0.0987834 0.103046 0.177806 0.133451 0.268666 0.179903 0.235936 0.3365 0.214809 0.342167 0.183905 0.295597 0.170597 0.122879 0.233134 0.138817 0.25755 0.317315 0.359787 0.335617 0.401622 0.3819 0.410887 0.326503 0.432411 0.374615 0.300552 0.152161 0.319637 0.249164 0.166319 0.131574 0.336861 0.299249 0.140961 0.133705 0.306894 0.192334 0.298982 0.170981 0.276554 0.236913 0.133365 0.147091 0.246838 0.12736 0.145347 0.356144 0.277833 0.357802 0.439746 0.432656 0.39798 0.323998 0.333685 0.264887 0.232282 0.102128 0.0930484 0.0771615 0.0728423 0.0791351 0.100722 0.10987 0.126738 0.230005 0.120073 0.108503 0.101545 0.0857057 0.0765594 0.0968569 0.111609 
0.100958 0.0832609 0.11547 0.236337 0.302818 0.354029 0.561085 0.8603 0.986236 0.992293 0.99349 0.993381 0.99391 0.993628 0.991427 0.993623 0.994579 0.993882 0.992891 0.986842 0.864927 0.393096 0.292427 0.458631 0.287998 0.342273 0.206697 0.17296 0.251307 0.320545 0.136423 0.133091 0.222522 0.159508 0.260708 0.279217 0.176693 0.158367 0.126556 0.126062 0.141153 0.239126 0.118889 0.0957962 0.0883696 0.116495 0.231285 0.27562 0.314092 0.297757 0.339042 0.252414 0.290226 0.119046 0.0890194 0.102897 0.180591 0.139548 0.264182 0.346911 0.305076 0.376717 0.276938 0.217634 0.120744 0.0977863 0.157214 0.125818 0.2338 0.247571 0.275608 0.298719 0.172487 0.230335 0.250198 0.112257 0.0835445 0.0660249 0.0684883 0.0616289 0.0676189 0.0809357 0.145683 0.101822 0.078694 0.0641073 0.0729908 0.0726125 0.0780445 0.0815886 0.166614 0.173917 0.0826307 0.0730495 0.0687687 0.0762218 0.0846174 0.0914303 0.0866693 0.104339 0.123377 0.242795 0.281128 0.308594 0.394568 0.377083 0.241678 0.176732 0.313165 0.284923 0.125195 0.110548 0.125263 0.231991 0.126061 0.0873675 0.0958436 0.198462 0.0851277 0.0847229 0.104174 0.120628 0.312978 0.356662 0.441671 0.421196 0.424912 0.379996 0.336283 0.2132 0.194662 0.101208 0.104769 0.179562 0.139411 0.269734 0.168592 0.223564 0.324451 0.204462 0.327241 0.183179 0.27998 0.159045 0.118253 0.21129 0.136167 0.245695 0.291313 0.349566 0.310283 0.393319 0.358152 0.400186 0.316491 0.428437 0.335332 0.286914 0.15399 0.319977 0.230477 0.148438 0.125576 0.32153 0.285565 0.13996 0.133124 0.295478 0.186886 0.269424 0.17026 0.276911 0.240824 0.133588 0.14934 0.245951 0.133979 0.144265 0.344312 0.261189 0.337649 0.424631 0.390472 0.357325 0.302389 0.319564 0.286278 0.252729 0.110147 0.102673 0.0885522 0.0868165 0.0931758 0.115198 0.115695 0.154129 0.25976 0.126918 0.133051 0.130519 0.11887 0.0863544 0.105943 0.111009 
0.108471 0.0923582 0.119303 0.204161 0.232175 0.222916 0.231363 0.302216 0.832454 0.986099 0.992832 0.993207 0.993733 0.994601 0.993623 0.990405 0.993897 0.994041 0.993131 0.991259 0.972311 0.722476 0.454866 0.507408 0.312441 0.344217 0.200978 0.153427 0.255225 0.298071 0.132518 0.121824 0.212939 0.155997 0.253918 0.276702 0.161061 0.145243 0.122684 0.130766 0.136059 0.216488 0.111481 0.0938663 0.0904288 0.116434 0.243525 0.276356 0.321022 0.291578 0.322722 0.230473 0.264325 0.112535 0.0887253 0.100828 0.185476 0.14517 0.234379 0.328818 0.29678 0.357606 0.29762 0.223925 0.118615 0.0894515 0.15963 0.122498 0.20788 0.246162 0.290412 0.271531 0.152869 0.213354 0.243725 0.127804 0.0879826 0.0663225 0.0667028 0.0595332 0.0650849 0.0773156 0.151502 0.106273 0.0728346 0.063271 0.0659749 0.0652893 0.0722627 0.0773149 0.152719 0.168739 0.0752907 0.0778496 0.0667679 0.0723717 0.0778966 0.0878696 0.0868281 0.103117 0.120109 0.218046 0.243237 0.276781 0.362982 0.338904 0.224072 0.162317 0.276919 0.241024 0.11511 0.102659 0.118949 0.224356 0.11799 0.084116 0.088784 0.184056 0.0840316 0.0819896 0.106008 0.110894 0.271971 0.317765 0.392742 0.390939 0.380471 0.330119 0.289296 0.215932 0.184536 0.0993802 0.102457 0.180455 0.129634 0.248248 0.163336 0.202425 0.306808 0.199401 0.30271 0.171023 0.242686 0.138988 0.10973 0.19206 0.130563 0.234917 0.276374 0.330366 0.284216 0.376911 0.33544 0.360514 0.32036 0.414499 0.340211 0.281608 0.135265 0.300765 0.199439 0.128182 0.108485 0.272731 0.272493 0.127398 0.129299 0.268463 0.168764 0.242222 0.15547 0.259744 0.21379 0.123518 0.136621 0.235575 0.128588 0.137264 0.32392 0.262161 0.321431 0.382688 0.347368 0.316675 0.288595 0.303366 0.287113 0.260567 0.106292 0.0962608 0.0897911 0.0799881 0.0876938 0.0999295 0.108976 0.134784 0.225704 0.132584 0.119925 0.125477 0.097543 0.0895868 0.0954464 0.118716 
0.110479 0.0924212 0.124443 0.224904 0.260677 0.240138 0.199506 0.178732 0.229004 0.852083 0.982213 0.992051 0.993372 0.993937 0.994579 0.993897 0.988706 0.993173 0.993914 0.991736 0.982578 0.929586 0.633213 0.618298 0.366996 0.37495 0.202927 0.180771 0.279417 0.31489 0.144625 0.142356 0.221319 0.151915 0.246611 0.273948 0.15364 0.134762 0.123877 0.131242 0.136616 0.214853 0.109081 0.0927691 0.0929425 0.117482 0.25506 0.279251 0.333346 0.322025 0.351835 0.254858 0.26331 0.116231 0.0893437 0.101447 0.197025 0.159418 0.282529 0.352141 0.306996 0.367599 0.30467 0.198135 0.102666 0.0858256 0.145734 0.114306 0.220565 0.243556 0.277109 0.259305 0.149684 0.205761 0.238348 0.125605 0.0827066 0.0612347 0.0614074 0.0552388 0.0612295 0.0757205 0.150614 0.0993881 0.0756501 0.0672833 0.0712235 0.0655459 0.070193 0.074369 0.153364 0.164847 0.0754876 0.0760185 0.0611683 0.0673534 0.0828761 0.0937824 0.0858879 0.100899 0.117469 0.217865 0.254346 0.286361 0.357349 0.346127 0.220501 0.158795 0.279589 0.249138 0.105723 0.0941512 0.115603 0.213428 0.105227 0.0730246 0.0771406 0.173353 0.0787663 0.0728648 0.0915412 0.107096 0.305144 0.341812 0.403789 0.397672 0.398538 0.335406 0.306829 0.225877 0.186764 0.0951814 0.09744 0.1693 0.127285 0.253709 0.174003 0.209062 0.310125 0.194602 0.282974 0.152737 0.235646 0.138343 0.10956 0.197667 0.130034 0.231119 0.287602 0.326326 0.291769 0.365974 0.334599 0.370925 0.313855 0.396451 0.330258 0.24733 0.122957 0.278146 0.20236 0.126674 0.104539 0.268508 0.253798 0.119699 0.126293 0.26181 0.171095 0.237895 0.148386 0.233703 0.193335 0.108155 0.129448 0.233457 0.122246 0.14386 0.331236 0.254853 0.323672 0.381975 0.369794 0.33298 0.309313 0.326728 0.283777 0.248964 0.0956121 0.0842099 0.0778341 0.0715556 0.0752715 0.126073 0.130903 0.137184 0.251349 0.154238 0.122706 0.0980035 0.0883637 0.0883337 0.120921 0.154803 
0.0974249 0.0900744 0.133671 0.239208 0.262591 0.234029 0.198824 0.149022 0.136772 0.287648 0.873957 0.975715 0.991934 0.993429 0.993882 0.994041 0.993173 0.986698 0.992991 0.992281 0.986371 0.977235 0.877044 0.759503 0.405231 0.366495 0.188334 0.16078 0.293255 0.381873 0.159156 0.132879 0.252275 0.18404 0.283087 0.286537 0.16053 0.141672 0.131842 0.131314 0.128553 0.217403 0.109369 0.101371 0.0905127 0.115796 0.243537 0.263332 0.295899 0.272247 0.292075 0.209848 0.241721 0.116452 0.0877075 0.0965758 0.185904 0.143224 0.294747 0.356045 0.311454 0.353577 0.272591 0.185106 0.100263 0.0884622 0.153115 0.122487 0.242591 0.240106 0.263346 0.253525 0.151859 0.211823 0.237002 0.124281 0.0802096 0.0642498 0.0631364 0.0569218 0.0650857 0.0775856 0.157959 0.0969094 0.0683506 0.0592942 0.0627315 0.0601295 0.0657303 0.0748135 0.162985 0.178454 0.0757961 0.071939 0.0595117 0.0619187 0.0754747 0.0858383 0.0768101 0.0904348 0.102679 0.217571 0.250837 0.302851 0.366502 0.345995 0.215616 0.146968 0.275479 0.249884 0.101997 0.092087 0.110568 0.204509 0.0950502 0.071493 0.082411 0.187164 0.0809036 0.0764646 0.097653 0.11881 0.314843 0.339431 0.39843 0.358891 0.350915 0.325213 0.297171 0.202572 0.163406 0.0874119 0.0956419 0.173059 0.128563 0.2653 0.166482 0.212975 0.292784 0.17715 0.265033 0.133289 0.215196 0.124353 0.0998604 0.188427 0.119088 0.208307 0.273365 0.32087 0.286795 0.349286 0.319288 0.347774 0.285795 0.369306 0.317037 0.242361 0.129925 0.290543 0.215184 0.130443 0.113455 0.293174 0.253124 0.114282 0.117521 0.256903 0.146847 0.21015 0.132473 0.220832 0.190724 0.115684 0.133006 0.233143 0.123874 0.137028 0.332873 0.23761 0.296484 0.368079 0.33985 0.310735 0.284062 0.304969 0.255642 0.205538 0.0827685 0.0706434 0.0659679 0.064151 0.0775318 0.113027 0.111298 0.10771 0.210853 0.102737 0.0839328 0.0767191 0.0694878 0.0707223 0.100463 0.133302 
0.0930391 0.0824571 0.112114 0.220084 0.238382 0.20619 0.171891 0.133443 0.115202 0.144629 0.238189 0.80266 0.969517 0.991302 0.992891 0.993131 0.993914 0.992991 0.990094 0.989169 0.986698 0.982313 0.937923 0.839384 0.428176 0.341514 0.151525 0.128701 0.256626 0.326972 0.142917 0.130152 0.271968 0.192365 0.272467 0.260657 0.148311 0.127835 0.123625 0.118593 0.125119 0.179691 0.0998443 0.08395 0.0853028 0.10372 0.22158 0.239509 0.250602 0.234629 0.260916 0.197437 0.221062 0.0980513 0.0810104 0.0926214 0.174609 0.136639 0.266514 0.307993 0.25466 0.285524 0.21795 0.166757 0.0967567 0.0811101 0.146443 0.118231 0.209165 0.203417 0.222197 0.203769 0.129025 0.189297 0.206578 0.100921 0.0734786 0.0584253 0.0626315 0.0542439 0.0647295 0.0728447 0.138668 0.097079 0.0653766 0.0588481 0.0592427 0.0589119 0.0663334 0.0720259 0.150226 0.154604 0.0642419 0.0611715 0.0547874 0.0578603 0.0686604 0.073838 0.0672691 0.0791543 0.0877421 0.190317 0.222585 0.269575 0.306675 0.28012 0.174574 0.12089 0.205852 0.191646 0.0866686 0.0807493 0.0817119 0.152588 0.0717267 0.059553 0.0722331 0.158313 0.0722161 0.0698911 0.0878826 0.103355 0.250232 0.274843 0.325552 0.282734 0.295008 0.27379 0.248021 0.171068 0.145818 0.0813737 0.0849545 0.151511 0.113915 0.215224 0.137112 0.170825 0.225461 0.133843 0.201152 0.108229 0.172614 0.107879 0.08864 0.164945 0.10573 0.182352 0.242318 0.246677 0.229 0.313752 0.268299 0.289296 0.238861 0.313336 0.254183 0.207098 0.108375 0.234256 0.174929 0.10818 0.0995494 0.22726 0.197404 0.0922245 0.0964833 0.208743 0.120207 0.173653 0.112242 0.182817 0.176574 0.109786 0.109849 0.19865 0.108961 0.118735 0.282597 0.203066 0.264213 0.319762 0.283084 0.259651 0.230358 0.264313 0.211289 0.163714 0.0741628 0.065231 0.0630465 0.0629798 0.0784941 0.0921477 0.0819906 0.0847562 0.151809 0.0777851 0.0685884 0.0702064 0.062776 0.0686571 0.0901764 0.107637 
0.0921474 0.0895909 0.0904806 0.139188 0.137545 0.128953 0.115371 0.103246 0.0830847 0.0863916 0.0980522 0.188172 0.725839 0.954865 0.986842 0.991259 0.991736 0.992281 0.989169 0.991049 0.985721 0.987532 0.973926 0.934961 0.467197 0.267915 0.123424 0.118896 0.240509 0.263867 0.151617 0.183046 0.260398 0.199894 0.212295 0.221865 0.17637 0.154569 0.12922 0.124089 0.11912 0.143733 0.0994268 0.0913357 0.0940042 0.125121 0.194199 0.208792 0.224645 0.22052 0.210522 0.164511 0.167464 0.0984887 0.0932147 0.112066 0.159328 0.127742 0.181384 0.204708 0.196891 0.206646 0.188366 0.180045 0.117395 0.102108 0.162448 0.133007 0.168726 0.16092 0.174279 0.173143 0.130748 0.150222 0.149869 0.0992757 0.0779029 0.0655211 0.0641007 0.0648217 0.0703761 0.0718003 0.117327 0.094251 0.0757396 0.0728791 0.0728937 0.073104 0.0754831 0.0790254 0.114797 0.117188 0.0667759 0.0691252 0.0656965 0.0674512 0.0697526 0.0660284 0.067563 0.0693717 0.0747795 0.128237 0.156538 0.172375 0.1761 0.156445 0.136766 0.0999707 0.131309 0.128745 0.0738841 0.0720305 0.0645516 0.0916498 0.0541035 0.0538034 0.0628378 0.10948 0.0739313 0.0764667 0.0893328 0.101897 0.159268 0.164532 0.185042 0.178253 0.186358 0.174724 0.159274 0.145844 0.127822 0.0888853 0.08994 0.130512 0.106612 0.13569 0.107745 0.132659 0.152634 0.110612 0.132637 0.0998377 0.122092 0.0975687 0.0880666 0.132863 0.110517 0.157834 0.186346 0.186125 0.177586 0.215652 0.194889 0.192352 0.174414 0.201091 0.170938 0.147504 0.0870702 0.140774 0.113693 0.0835058 0.0842427 0.147825 0.134247 0.0837926 0.0934741 0.137449 0.104077 0.129763 0.110732 0.151805 0.154258 0.10274 0.10346 0.148307 0.11328 0.100802 0.186226 0.178786 0.196291 0.202955 0.195243 0.203727 0.197456 0.234488 0.171864 0.136822 0.083815 0.0837347 0.0777463 0.0795061 0.0859527 0.0849352 0.0773717 0.0791691 0.107605 0.0741614 0.0723497 0.07555 0.0715751 0.0721917 0.0794512 0.0849562 
