353
123
48.372012
0.0720 0.0432 0.0444 0.0529 0.0037 0.0504 0.0714 0.0248 0.0136 0.0689 0.1154 0.0593 0.0124 0.0224 0.0183 0.0530 0.0426 0.0038 0.0202 0.0427 0.1645
0.014 0.014 0.014 0.014 0.014 0.014 0.014 0.014 0.014 0.014 0.014 0.014 0.151 0.014 0.014 0.014 0.014 0.014 0.014 0.014 0.575  0.5797
0.043 0.014 0.072 0.014 0.014 0.014 0.014 0.014 0.014 0.014 0.014 0.014 0.014 0.014 0.014 0.054 0.025 0.014 0.014 0.014 0.575  0.6146
0.029 0.014 0.014 0.045 0.014 0.014 0.075 0.029 0.014 0.014 0.014 0.014 0.029 0.014 0.014 0.016 0.014 0.014 0.014 0.014 0.575  0.6183
0.014 0.014 0.070 0.014 0.014 0.014 0.014 0.014 0.014 0.054 0.014 0.031 0.014 0.014 0.014 0.022 0.029 0.014 0.014 0.019 0.575  0.6184
0.014 0.014 0.052 0.014 0.014 0.014 0.014 0.022 0.014 0.062 0.014 0.022 0.014 0.014 0.014 0.024 0.016 0.014 0.014 0.055 0.561  0.6327
0.014 0.014 0.014 0.014 0.014 0.014 0.014 0.014 0.022 0.014 0.014 0.014 0.014 0.029 0.014 0.050 0.072 0.014 0.014 0.029 0.582  0.6107
0.014 0.014 0.014 0.014 0.014 0.029 0.014 0.014 0.014 0.028 0.031 0.014 0.014 0.058 0.014 0.014 0.031 0.014 0.043 0.033 0.561  0.6397
0.014 0.014 0.014 0.014 0.014 0.014 0.014 0.014 0.014 0.014 0.072 0.014 0.014 0.016 0.086 0.034 0.014 0.014 0.014 0.014 0.561  0.6193
0.014 0.014 0.014 0.014 0.029 0.048 0.014 0.029 0.046 0.029 0.016 0.014 0.029 0.014 0.022 0.058 0.014 0.014 0.019 0.014 0.532  0.6680
0.014 0.014 0.026 0.022 0.014 0.022 0.014 0.029 0.014 0.014 0.014 0.036 0.022 0.014 0.045 0.058 0.036 0.014 0.014 0.014 0.546  0.6550
0.021 0.022 0.014 0.014 0.029 0.031 0.063 0.019 0.014 0.014 0.024 0.014 0.014 0.014 0.029 0.031 0.066 0.014 0.014 0.014 0.522  0.6740
0.062 0.014 0.016 0.014 0.014 0.022 0.014 0.029 0.014 0.050 0.043 0.014 0.029 0.067 0.022 0.029 0.019 0.014 0.014 0.037 0.461  0.7290
0.031 0.029 0.041 0.041 0.014 0.077 0.029 0.019 0.022 0.053 0.056 0.033 0.040 0.014 0.029 0.040 0.033 0.014 0.014 0.045 0.325  0.8479
0.036 0.014 0.014 0.029 0.014 0.043 0.014 0.014 0.014 0.022 0.149 0.014 0.014 0.050 0.022 0.014 0.029 0.014 0.137 0.014 0.325  0.7784
0.029 0.014 0.029 0.034 0.014 0.014 0.053 0.014 0.014 0.029 0.014 0.014 0.014 0.014 0.300 0.029 0.014 0.014 0.014 0.014 0.311  0.7217
0.050 0.014 0.047 0.090 0.014 0.016 0.072 0.014 0.022 0.014 0.058 0.079 0.014 0.029 0.036 0.057 0.054 0.014 0.014 0.014 0.275  0.8548
0.014 0.014 0.014 0.014 0.014 0.014 0.014 0.014 0.014 0.187 0.016 0.014 0.014 0.014 0.177 0.014 0.014 0.014 0.014 0.057 0.332  0.7206
0.022 0.014 0.136 0.228 0.014 0.029 0.029 0.014 0.014 0.014 0.014 0.031 0.014 0.014 0.014 0.021 0.029 0.014 0.014 0.014 0.303  0.7490
0.029 0.014 0.014 0.014 0.014 0.014 0.014 0.014 0.014 0.161 0.131 0.014 0.124 0.068 0.014 0.014 0.014 0.014 0.014 0.075 0.210  0.8154
0.052 0.014 0.036 0.081 0.014 0.045 0.022 0.036 0.022 0.014 0.029 0.154 0.029 0.029 0.043 0.059 0.053 0.014 0.079 0.014 0.160  0.9047
0.086 0.068 0.047 0.037 0.014 0.105 0.031 0.029 0.022 0.026 0.036 0.092 0.014 0.014 0.014 0.022 0.056 0.014 0.014 0.097 0.160  0.9045
0.014 0.014 0.014 0.014 0.014 0.014 0.014 0.014 0.014 0.191 0.168 0.014 0.092 0.091 0.014 0.014 0.014 0.014 0.014 0.110 0.132  0.8146
0.016 0.136 0.113 0.022 0.014 0.036 0.014 0.014 0.014 0.034 0.137 0.076 0.014 0.080 0.014 0.044 0.019 0.014 0.014 0.040 0.132  0.8768
0.091 0.029 0.076 0.053 0.028 0.113 0.066 0.032 0.060 0.029 0.029 0.058 0.072 0.014 0.014 0.031 0.031 0.014 0.014 0.014 0.132  0.9268
0.191 0.014 0.058 0.014 0.029 0.014 0.014 0.061 0.014 0.057 0.058 0.022 0.022 0.014 0.014 0.085 0.121 0.014 0.014 0.036 0.132  0.8702
0.098 0.142 0.018 0.014 0.014 0.014 0.043 0.029 0.019 0.077 0.043 0.043 0.014 0.014 0.014 0.054 0.079 0.014 0.030 0.092 0.132  0.8990
0.058 0.114 0.151 0.031 0.014 0.022 0.090 0.014 0.022 0.050 0.014 0.115 0.014 0.014 0.014 0.043 0.029 0.014 0.014 0.029 0.132  0.8811
0.115 0.029 0.119 0.083 0.014 0.072 0.038 0.014 0.014 0.029 0.029 0.081 0.014 0.014 0.014 0.076 0.053 0.014 0.029 0.014 0.132  0.9010
0.043 0.014 0.014 0.014 0.014 0.014 0.014 0.014 0.029 0.351 0.070 0.014 0.029 0.108 0.014 0.014 0.014 0.014 0.050 0.014 0.132  0.7709
0.014 0.139 0.070 0.014 0.014 0.022 0.014 0.014 0.062 0.017 0.131 0.047 0.014 0.048 0.014 0.123 0.029 0.050 0.014 0.014 0.132  0.8769
0.067 0.099 0.050 0.032 0.014 0.072 0.058 0.054 0.054 0.014 0.058 0.061 0.014 0.014 0.014 0.028 0.041 0.014 0.092 0.014 0.132  0.9271
0.065 0.014 0.054 0.014 0.014 0.077 0.031 0.018 0.014 0.079 0.193 0.031 0.014 0.069 0.014 0.014 0.018 0.014 0.067 0.052 0.130  0.8818
0.255 0.014 0.079 0.014 0.014 0.014 0.014 0.022 0.014 0.050 0.024 0.014 0.014 0.034 0.014 0.064 0.074 0.086 0.031 0.021 0.130  0.8445
0.016 0.050 0.052 0.041 0.014 0.161 0.074 0.074 0.048 0.022 0.029 0.057 0.014 0.014 0.014 0.048 0.016 0.014 0.058 0.050 0.130  0.9122
0.050 0.076 0.068 0.043 0.014 0.060 0.074 0.029 0.050 0.029 0.026 0.058 0.014 0.034 0.014 0.084 0.074 0.014 0.014 0.043 0.130  0.9400
0.043 0.067 0.043 0.014 0.014 0.072 0.036 0.043 0.019 0.064 0.159 0.078 0.014 0.029 0.014 0.058 0.043 0.014 0.029 0.014 0.130  0.9125
0.014 0.050 0.041 0.048 0.035 0.022 0.053 0.041 0.014 0.049 0.128 0.044 0.014 0.043 0.016 0.072 0.127 0.014 0.014 0.029 0.130  0.9161
0.067 0.022 0.036 0.056 0.014 0.014 0.060 0.016 0.036 0.014 0.072 0.079 0.014 0.029 0.014 0.115 0.034 0.014 0.092 0.055 0.144  0.9136
0.029 0.029 0.043 0.036 0.014 0.014 0.014 0.101 0.058 0.019 0.043 0.014 0.037 0.101 0.058 0.014 0.022 0.014 0.209 0.014 0.115  0.8779
0.036 0.014 0.054 0.139 0.014 0.036 0.014 0.014 0.014 0.141 0.173 0.014 0.058 0.014 0.014 0.043 0.036 0.014 0.014 0.038 0.101  0.8670
0.029 0.014 0.037 0.043 0.014 0.014 0.104 0.014 0.014 0.014 0.014 0.029 0.014 0.036 0.339 0.034 0.058 0.014 0.043 0.018 0.101  0.8057
0.168 0.014 0.018 0.054 0.014 0.014 0.047 0.014 0.014 0.083 0.086 0.022 0.014 0.019 0.022 0.091 0.048 0.014 0.014 0.125 0.101  0.8797
0.014 0.014 0.014 0.014 0.014 0.029 0.014 0.014 0.014 0.165 0.365 0.043 0.032 0.018 0.014 0.014 0.014 0.014 0.014 0.060 0.101  0.7492
0.036 0.103 0.058 0.016 0.014 0.164 0.026 0.069 0.115 0.016 0.014 0.025 0.014 0.058 0.014 0.040 0.014 0.014 0.072 0.014 0.101  0.8908
0.036 0.014 0.061 0.063 0.014 0.029 0.359 0.032 0.029 0.014 0.043 0.014 0.022 0.022 0.014 0.053 0.036 0.014 0.014 0.014 0.101  0.8026
0.059 0.162 0.036 0.029 0.014 0.072 0.092 0.014 0.014 0.043 0.043 0.147 0.014 0.014 0.014 0.058 0.027 0.014 0.014 0.014 0.101  0.8841
0.083 0.014 0.014 0.014 0.043 0.014 0.014 0.014 0.014 0.105 0.312 0.014 0.014 0.014 0.014 0.014 0.046 0.014 0.014 0.107 0.101  0.7920
0.034 0.067 0.032 0.014 0.014 0.110 0.100 0.019 0.018 0.079 0.120 0.123 0.014 0.014 0.014 0.019 0.056 0.014 0.014 0.022 0.101  0.8928
0.032 0.299 0.019 0.054 0.014 0.042 0.014 0.046 0.014 0.014 0.035 0.046 0.014 0.014 0.014 0.109 0.058 0.014 0.014 0.029 0.101  0.8310
0.036 0.014 0.029 0.014 0.014 0.014 0.014 0.014 0.101 0.218 0.209 0.014 0.016 0.025 0.014 0.029 0.014 0.014 0.014 0.063 0.115  0.8113
0.165 0.019 0.077 0.014 0.014 0.014 0.014 0.024 0.014 0.045 0.067 0.060 0.029 0.014 0.014 0.159 0.029 0.014 0.043 0.052 0.115  0.8783
0.068 0.068 0.027 0.029 0.014 0.014 0.088 0.014 0.043 0.071 0.064 0.090 0.016 0.029 0.014 0.083 0.102 0.014 0.014 0.021 0.115  0.9193
0.050 0.044 0.050 0.043 0.029 0.067 0.079 0.029 0.029 0.019 0.101 0.069 0.014 0.029 0.014 0.029 0.036 0.029 0.108 0.014 0.115  0.9382
0.053 0.014 0.071 0.014 0.016 0.043 0.014 0.014 0.014 0.106 0.150 0.014 0.039 0.050 0.014 0.087 0.049 0.014 0.014 0.091 0.115  0.8941
0.014 0.110 0.065 0.043 0.014 0.058 0.093 0.088 0.022 0.014 0.029 0.078 0.014 0.022 0.029 0.082 0.050 0.014 0.014 0.029 0.115  0.9197
0.094 0.066 0.128 0.068 0.029 0.043 0.073 0.014 0.049 0.054 0.029 0.035 0.018 0.014 0.014 0.055 0.043 0.014 0.029 0.014 0.115  0.9282
0.068 0.014 0.014 0.014 0.029 0.029 0.014 0.043 0.014 0.087 0.242 0.014 0.014 0.047 0.014 0.043 0.079 0.014 0.029 0.072 0.101  0.8652
0.014 0.014 0.179 0.324 0.014 0.029 0.097 0.014 0.014 0.014 0.014 0.029 0.014 0.014 0.014 0.040 0.014 0.014 0.014 0.014 0.101  0.7618
0.032 0.058 0.052 0.058 0.014 0.079 0.148 0.022 0.014 0.032 0.040 0.120 0.022 0.014 0.014 0.050 0.041 0.014 0.014 0.060 0.101  0.9143
0.083 0.029 0.021 0.043 0.014 0.068 0.038 0.014 0.029 0.137 0.161 0.014 0.050 0.014 0.014 0.026 0.071 0.014 0.014 0.042 0.101  0.8955
0.140 0.043 0.014 0.014 0.014 0.029 0.014 0.014 0.014 0.170 0.072 0.014 0.045 0.043 0.014 0.029 0.031 0.014 0.014 0.152 0.101  0.8603
0.068 0.237 0.094 0.014 0.029 0.029 0.058 0.014 0.022 0.029 0.086 0.029 0.014 0.014 0.014 0.054 0.029 0.014 0.035 0.014 0.101  0.8708
0.051 0.014 0.122 0.103 0.014 0.029 0.118 0.058 0.029 0.016 0.014 0.036 0.014 0.078 0.014 0.084 0.043 0.014 0.029 0.016 0.101  0.9074
0.136 0.029 0.029 0.029 0.014 0.014 0.014 0.014 0.014 0.032 0.058 0.029 0.029 0.014 0.014 0.282 0.074 0.014 0.029 0.029 0.101  0.8319
0.029 0.014 0.029 0.014 0.014 0.014 0.014 0.014 0.029 0.066 0.252 0.014 0.014 0.025 0.014 0.014 0.014 0.014 0.014 0.074 0.309  0.7477
0.058 0.014 0.014 0.029 0.014 0.058 0.043 0.014 0.014 0.058 0.092 0.029 0.014 0.014 0.122 0.087 0.107 0.014 0.014 0.058 0.130  0.9009
0.058 0.072 0.053 0.029 0.014 0.070 0.014 0.029 0.016 0.073 0.115 0.058 0.014 0.029 0.014 0.064 0.090 0.014 0.014 0.058 0.101  0.9292
0.049 0.014 0.014 0.014 0.014 0.014 0.014 0.048 0.014 0.101 0.303 0.014 0.058 0.019 0.014 0.029 0.014 0.014 0.014 0.133 0.087  0.8029
0.045 0.017 0.017 0.029 0.014 0.058 0.074 0.029 0.014 0.074 0.101 0.152 0.014 0.014 0.123 0.014 0.044 0.014 0.029 0.036 0.087  0.9021
0.185 0.014 0.028 0.014 0.014 0.014 0.019 0.058 0.029 0.093 0.043 0.014 0.014 0.014 0.036 0.130 0.077 0.014 0.014 0.086 0.087  0.8758
0.096 0.052 0.050 0.043 0.014 0.040 0.072 0.023 0.018 0.063 0.086 0.148 0.022 0.020 0.014 0.036 0.027 0.014 0.014 0.059 0.087  0.9238
0.014 0.014 0.014 0.014 0.014 0.014 0.014 0.014 0.014 0.094 0.446 0.014 0.029 0.022 0.014 0.014 0.072 0.014 0.018 0.046 0.087  0.7148
0.029 0.097 0.151 0.075 0.014 0.034 0.065 0.029 0.057 0.014 0.014 0.098 0.014 0.014 0.014 0.118 0.014 0.014 0.018 0.014 0.101  0.8862
0.029 0.014 0.135 0.063 0.014 0.135 0.014 0.016 0.022 0.029 0.014 0.029 0.014 0.029 0.014 0.090 0.056 0.014 0.064 0.043 0.159  0.8818
0.081 0.029 0.048 0.074 0.014 0.029 0.047 0.014 0.058 0.084 0.096 0.068 0.014 0.041 0.014 0.029 0.065 0.043 0.022 0.014 0.115  0.9374
0.081 0.014 0.014 0.079 0.014 0.029 0.036 0.072 0.014 0.074 0.138 0.029 0.016 0.014 0.065 0.031 0.071 0.014 0.014 0.034 0.144  0.9018
0.062 0.014 0.068 0.036 0.014 0.017 0.035 0.029 0.014 0.077 0.223 0.027 0.043 0.041 0.045 0.019 0.016 0.029 0.014 0.045 0.130  0.8846
0.024 0.032 0.088 0.085 0.014 0.086 0.056 0.042 0.018 0.053 0.053 0.029 0.014 0.014 0.029 0.127 0.058 0.014 0.014 0.019 0.130  0.9163
0.016 0.014 0.042 0.191 0.014 0.014 0.066 0.065 0.014 0.018 0.043 0.029 0.014 0.014 0.058 0.076 0.043 0.014 0.014 0.014 0.223  0.8423
0.026 0.014 0.025 0.014 0.014 0.014 0.029 0.014 0.014 0.129 0.086 0.014 0.022 0.041 0.014 0.014 0.112 0.014 0.134 0.029 0.223  0.8350
0.043 0.014 0.014 0.014 0.014 0.014 0.014 0.029 0.014 0.079 0.248 0.014 0.014 0.134 0.014 0.014 0.014 0.014 0.014 0.041 0.223  0.7806
0.043 0.050 0.054 0.088 0.014 0.083 0.091 0.025 0.018 0.014 0.023 0.109 0.014 0.019 0.019 0.049 0.045 0.014 0.014 0.014 0.194  0.8881
0.180 0.029 0.050 0.058 0.014 0.036 0.014 0.034 0.014 0.047 0.043 0.036 0.014 0.014 0.014 0.050 0.113 0.014 0.014 0.043 0.165  0.8796
0.014 0.029 0.014 0.014 0.014 0.029 0.014 0.014 0.029 0.196 0.244 0.014 0.016 0.032 0.014 0.029 0.014 0.014 0.043 0.043 0.165  0.7984
0.065 0.025 0.066 0.050 0.014 0.072 0.041 0.068 0.031 0.021 0.016 0.076 0.014 0.014 0.029 0.034 0.051 0.014 0.014 0.014 0.266  0.8693
0.029 0.034 0.036 0.031 0.014 0.031 0.209 0.058 0.014 0.022 0.014 0.041 0.050 0.014 0.018 0.029 0.031 0.014 0.014 0.014 0.281  0.8128
0.014 0.014 0.029 0.014 0.014 0.014 0.014 0.014 0.014 0.233 0.155 0.014 0.029 0.029 0.029 0.014 0.014 0.014 0.014 0.014 0.295  0.7400
0.034 0.036 0.053 0.166 0.014 0.029 0.047 0.014 0.014 0.036 0.050 0.058 0.014 0.014 0.014 0.014 0.024 0.014 0.014 0.014 0.324  0.7991
0.067 0.019 0.043 0.036 0.014 0.014 0.125 0.019 0.029 0.014 0.014 0.048 0.014 0.014 0.014 0.014 0.045 0.014 0.029 0.014 0.396  0.7605
0.102 0.014 0.029 0.071 0.014 0.029 0.130 0.034 0.014 0.043 0.014 0.014 0.029 0.014 0.014 0.014 0.058 0.014 0.014 0.014 0.317  0.8026
0.035 0.014 0.014 0.017 0.014 0.014 0.029 0.014 0.014 0.084 0.231 0.014 0.040 0.022 0.014 0.018 0.034 0.014 0.014 0.029 0.317  0.7595
0.102 0.036 0.074 0.050 0.014 0.079 0.103 0.030 0.022 0.053 0.029 0.044 0.014 0.014 0.014 0.046 0.015 0.014 0.042 0.014 0.187  0.8982
0.081 0.029 0.071 0.095 0.014 0.043 0.087 0.072 0.015 0.014 0.032 0.047 0.014 0.014 0.032 0.115 0.032 0.014 0.014 0.016 0.144  0.9059
0.049 0.040 0.061 0.029 0.014 0.043 0.062 0.091 0.044 0.017 0.028 0.051 0.014 0.022 0.082 0.062 0.044 0.014 0.014 0.014 0.202  0.9075
0.076 0.030 0.041 0.173 0.014 0.049 0.104 0.016 0.022 0.014 0.020 0.019 0.014 0.029 0.043 0.134 0.037 0.014 0.014 0.032 0.101  0.8878
0.041 0.014 0.039 0.029 0.014 0.036 0.014 0.029 0.019 0.108 0.126 0.022 0.022 0.022 0.090 0.070 0.023 0.014 0.014 0.029 0.223  0.8677
0.018 0.014 0.090 0.213 0.014 0.022 0.028 0.047 0.015 0.014 0.059 0.036 0.014 0.029 0.050 0.107 0.084 0.014 0.014 0.014 0.101  0.8723
0.059 0.014 0.038 0.120 0.014 0.072 0.121 0.022 0.014 0.018 0.043 0.038 0.014 0.014 0.213 0.022 0.032 0.014 0.014 0.014 0.086  0.8637
0.028 0.014 0.014 0.095 0.014 0.143 0.296 0.042 0.029 0.027 0.018 0.034 0.014 0.014 0.029 0.024 0.018 0.014 0.014 0.029 0.086  0.8177
0.032 0.020 0.015 0.072 0.014 0.154 0.058 0.029 0.043 0.029 0.157 0.041 0.014 0.014 0.022 0.058 0.047 0.014 0.043 0.036 0.086  0.9067
0.037 0.122 0.039 0.050 0.014 0.040 0.036 0.019 0.014 0.058 0.086 0.134 0.014 0.014 0.014 0.049 0.043 0.029 0.029 0.055 0.101  0.9231
0.115 0.015 0.089 0.037 0.014 0.069 0.113 0.038 0.017 0.047 0.044 0.083 0.014 0.014 0.014 0.110 0.034 0.014 0.014 0.016 0.086  0.9080
0.067 0.055 0.029 0.036 0.014 0.070 0.102 0.014 0.014 0.095 0.080 0.081 0.036 0.043 0.014 0.031 0.044 0.014 0.029 0.029 0.101  0.9371
0.118 0.014 0.014 0.014 0.014 0.015 0.030 0.029 0.029 0.038 0.278 0.014 0.046 0.039 0.014 0.029 0.043 0.014 0.029 0.032 0.144  0.8316
0.043 0.029 0.060 0.014 0.029 0.014 0.052 0.014 0.014 0.092 0.213 0.019 0.017 0.014 0.014 0.034 0.029 0.014 0.029 0.037 0.216  0.8400
0.067 0.029 0.096 0.050 0.014 0.062 0.112 0.022 0.014 0.025 0.038 0.079 0.014 0.014 0.014 0.014 0.071 0.014 0.014 0.017 0.216  0.8722
0.100 0.014 0.016 0.066 0.018 0.014 0.201 0.049 0.014 0.029 0.029 0.015 0.029 0.014 0.014 0.058 0.029 0.014 0.014 0.044 0.216  0.8386
0.043 0.120 0.014 0.014 0.024 0.039 0.046 0.014 0.016 0.072 0.079 0.080 0.014 0.098 0.014 0.014 0.014 0.014 0.043 0.022 0.202  0.8755
0.014 0.029 0.049 0.024 0.014 0.058 0.051 0.014 0.014 0.094 0.038 0.052 0.061 0.014 0.014 0.050 0.014 0.014 0.014 0.049 0.317  0.8327
0.058 0.036 0.069 0.059 0.014 0.050 0.121 0.014 0.014 0.029 0.036 0.043 0.014 0.029 0.014 0.023 0.014 0.014 0.029 0.014 0.303  0.8350
0.043 0.058 0.029 0.093 0.014 0.019 0.072 0.014 0.023 0.097 0.069 0.029 0.018 0.036 0.014 0.029 0.025 0.014 0.014 0.014 0.274  0.8525
0.024 0.025 0.014 0.014 0.029 0.014 0.058 0.014 0.014 0.208 0.108 0.050 0.014 0.036 0.014 0.015 0.018 0.014 0.029 0.024 0.259  0.8064
0.036 0.060 0.073 0.040 0.014 0.087 0.056 0.036 0.016 0.041 0.036 0.068 0.020 0.014 0.014 0.053 0.022 0.014 0.025 0.043 0.231  0.8964
0.029 0.029 0.058 0.080 0.014 0.018 0.053 0.029 0.014 0.064 0.047 0.066 0.014 0.014 0.014 0.084 0.029 0.014 0.014 0.025 0.288  0.8509
0.014 0.014 0.014 0.014 0.029 0.014 0.014 0.014 0.014 0.070 0.164 0.029 0.014 0.085 0.014 0.029 0.014 0.014 0.065 0.068 0.288  0.8052
0.086 0.043 0.037 0.029 0.014 0.089 0.029 0.055 0.043 0.043 0.032 0.111 0.014 0.038 0.014 0.070 0.043 0.014 0.034 0.014 0.144  0.9269
0.043 0.014 0.095 0.070 0.014 0.053 0.185 0.029 0.029 0.018 0.026 0.097 0.016 0.020 0.014 0.070 0.047 0.014 0.029 0.029 0.087  0.9026
0.018 0.043 0.029 0.099 0.014 0.038 0.295 0.014 0.016 0.040 0.059 0.066 0.029 0.015 0.014 0.029 0.043 0.014 0.029 0.022 0.072  0.8506
0.069 0.050 0.014 0.014 0.014 0.015 0.014 0.014 0.014 0.236 0.195 0.029 0.014 0.014 0.014 0.029 0.032 0.014 0.014 0.143 0.043  0.8079
0.048 0.058 0.144 0.144 0.014 0.058 0.075 0.014 0.029 0.036 0.017 0.048 0.014 0.029 0.014 0.120 0.040 0.014 0.014 0.025 0.043  0.9016
0.069 0.078 0.078 0.111 0.014 0.076 0.102 0.030 0.035 0.014 0.014 0.134 0.014 0.014 0.029 0.033 0.051 0.014 0.016 0.029 0.043  0.9148
0.082 0.027 0.014 0.014 0.014 0.029 0.014 0.014 0.014 0.123 0.154 0.016 0.022 0.017 0.014 0.086 0.049 0.014 0.014 0.221 0.043  0.8377
0.020 0.048 0.030 0.014 0.014 0.029 0.031 0.014 0.014 0.190 0.182 0.107 0.020 0.014 0.014 0.016 0.068 0.014 0.014 0.101 0.043  0.8493
0.123 0.033 0.073 0.018 0.014 0.038 0.058 0.029 0.017 0.031 0.031 0.052 0.030 0.014 0.014 0.132 0.117 0.014 0.017 0.031 0.111  0.9057
0.061 0.062 0.063 0.029 0.014 0.055 0.044 0.043 0.014 0.076 0.082 0.088 0.014 0.014 0.058 0.103 0.015 0.014 0.016 0.022 0.111  0.9297
0.024 0.014 0.014 0.014 0.029 0.014 0.014 0.014 0.014 0.143 0.234 0.014 0.015 0.101 0.014 0.014 0.051 0.014 0.014 0.090 0.139  0.8155
0.095 0.151 0.063 0.047 0.014 0.031 0.102 0.038 0.023 0.050 0.032 0.065 0.022 0.014 0.014 0.055 0.057 0.014 0.014 0.014 0.082  0.9178
0.071 0.034 0.037 0.069 0.014 0.042 0.108 0.019 0.015 0.016 0.096 0.091 0.014 0.042 0.014 0.114 0.088 0.014 0.030 0.014 0.058  0.9186
0.089 0.051 0.014 0.014 0.061 0.099 0.050 0.016 0.096 0.034 0.058 0.089 0.014 0.014 0.014 0.056 0.071 0.014 0.058 0.029 0.058  0.9357
0.130 0.036 0.026 0.014 0.022 0.036 0.034 0.014 0.014 0.126 0.040 0.043 0.014 0.022 0.014 0.099 0.136 0.014 0.040 0.052 0.072  0.9014
0.042 0.066 0.071 0.159 0.014 0.056 0.076 0.029 0.017 0.029 0.032 0.058 0.014 0.014 0.014 0.088 0.047 0.014 0.029 0.043 0.086  0.9234
0.099 0.055 0.022 0.029 0.029 0.072 0.030 0.043 0.034 0.035 0.101 0.071 0.031 0.076 0.014 0.051 0.045 0.014 0.026 0.023 0.101  0.9481
0.014 0.014 0.014 0.014 0.014 0.029 0.014 0.014 0.014 0.149 0.375 0.014 0.067 0.014 0.014 0.014 0.014 0.014 0.014 0.048 0.115  0.7381
0.101 0.043 0.050 0.121 0.014 0.017 0.077 0.036 0.014 0.029 0.080 0.065 0.014 0.014 0.014 0.070 0.088 0.014 0.014 0.020 0.101  0.9134
0.109 0.060 0.093 0.086 0.014 0.042 0.061 0.045 0.014 0.022 0.031 0.077 0.034 0.024 0.014 0.082 0.028 0.014 0.014 0.033 0.101  0.9306
0.137 0.081 0.050 0.036 0.014 0.029 0.085 0.015 0.048 0.050 0.058 0.080 0.014 0.040 0.014 0.046 0.031 0.029 0.032 0.022 0.086  0.9378
0.043 0.043 0.046 0.014 0.030 0.072 0.022 0.014 0.047 0.096 0.168 0.050 0.014 0.014 0.043 0.062 0.056 0.014 0.014 0.077 0.058  0.9222
0.061 0.029 0.068 0.115 0.014 0.058 0.041 0.035 0.022 0.044 0.101 0.014 0.014 0.043 0.014 0.072 0.068 0.014 0.029 0.084 0.058  0.9392
0.072 0.030 0.140 0.169 0.022 0.018 0.113 0.058 0.014 0.014 0.029 0.019 0.014 0.022 0.029 0.086 0.014 0.014 0.050 0.014 0.058  0.8842
0.014 0.014 0.014 0.043 0.014 0.014 0.062 0.043 0.014 0.096 0.273 0.017 0.053 0.086 0.014 0.014 0.029 0.014 0.014 0.096 0.058  0.8416
0.063 0.075 0.065 0.056 0.014 0.034 0.087 0.043 0.054 0.022 0.047 0.091 0.014 0.014 0.036 0.130 0.039 0.014 0.029 0.014 0.058  0.9379
0.130 0.036 0.179 0.042 0.029 0.039 0.019 0.072 0.058 0.029 0.014 0.022 0.014 0.029 0.014 0.050 0.117 0.014 0.022 0.014 0.058  0.8948
0.034 0.014 0.014 0.029 0.014 0.025 0.014 0.035 0.014 0.073 0.156 0.019 0.037 0.050 0.014 0.032 0.043 0.014 0.058 0.171 0.136  0.8766
0.041 0.032 0.066 0.045 0.014 0.040 0.029 0.014 0.015 0.048 0.036 0.039 0.029 0.035 0.065 0.097 0.097 0.014 0.014 0.091 0.136  0.9303
0.065 0.014 0.019 0.024 0.014 0.014 0.014 0.014 0.014 0.140 0.194 0.014 0.014 0.072 0.014 0.029 0.058 0.014 0.029 0.061 0.165  0.8456
0.032 0.043 0.027 0.055 0.014 0.018 0.036 0.068 0.014 0.083 0.091 0.079 0.014 0.014 0.029 0.083 0.070 0.014 0.014 0.033 0.165  0.9119
0.022 0.015 0.072 0.101 0.014 0.058 0.118 0.022 0.058 0.014 0.014 0.022 0.014 0.014 0.043 0.119 0.056 0.014 0.014 0.043 0.151  0.8916
0.074 0.158 0.059 0.065 0.014 0.072 0.065 0.043 0.065 0.014 0.043 0.025 0.014 0.043 0.014 0.030 0.030 0.014 0.029 0.019 0.108  0.9216
0.043 0.014 0.014 0.101 0.014 0.014 0.029 0.014 0.014 0.109 0.171 0.014 0.016 0.038 0.014 0.086 0.062 0.014 0.029 0.064 0.122  0.8777
0.028 0.036 0.058 0.122 0.014 0.108 0.088 0.049 0.015 0.057 0.020 0.035 0.025 0.029 0.016 0.045 0.050 0.014 0.014 0.082 0.093  0.9284
0.065 0.014 0.014 0.103 0.014 0.044 0.114 0.050 0.014 0.014 0.036 0.067 0.014 0.014 0.127 0.033 0.036 0.014 0.029 0.029 0.151  0.8943
0.038 0.148 0.018 0.016 0.014 0.059 0.086 0.029 0.022 0.066 0.080 0.041 0.031 0.042 0.052 0.074 0.028 0.014 0.058 0.053 0.029  0.9385
0.019 0.014 0.046 0.014 0.014 0.048 0.014 0.019 0.022 0.222 0.371 0.014 0.014 0.014 0.014 0.019 0.014 0.014 0.014 0.060 0.014  0.7236
0.089 0.058 0.022 0.043 0.014 0.067 0.047 0.014 0.019 0.044 0.045 0.136 0.014 0.014 0.021 0.058 0.043 0.014 0.019 0.014 0.202  0.8853
0.066 0.030 0.065 0.031 0.014 0.029 0.145 0.014 0.049 0.014 0.027 0.036 0.014 0.014 0.014 0.046 0.055 0.014 0.061 0.043 0.216  0.8813
0.033 0.014 0.058 0.072 0.029 0.028 0.094 0.014 0.029 0.017 0.173 0.064 0.014 0.014 0.014 0.023 0.032 0.014 0.032 0.014 0.216  0.8564
0.066 0.043 0.050 0.029 0.014 0.130 0.250 0.014 0.030 0.014 0.038 0.065 0.029 0.014 0.014 0.036 0.030 0.014 0.036 0.024 0.058  0.8716
0.101 0.081 0.030 0.048 0.014 0.068 0.073 0.059 0.014 0.014 0.038 0.134 0.014 0.058 0.014 0.101 0.014 0.014 0.064 0.014 0.029  0.9151
0.036 0.162 0.035 0.043 0.014 0.181 0.099 0.014 0.037 0.034 0.054 0.079 0.014 0.014 0.014 0.059 0.036 0.014 0.014 0.029 0.014  0.8803
0.040 0.101 0.018 0.025 0.014 0.094 0.029 0.029 0.014 0.125 0.163 0.147 0.024 0.014 0.029 0.036 0.024 0.014 0.014 0.030 0.014  0.8746
0.144 0.018 0.047 0.071 0.014 0.050 0.153 0.017 0.029 0.048 0.029 0.073 0.029 0.014 0.014 0.056 0.107 0.014 0.014 0.041 0.014  0.8984
0.070 0.102 0.078 0.023 0.014 0.094 0.183 0.019 0.043 0.043 0.026 0.072 0.014 0.035 0.014 0.049 0.043 0.014 0.014 0.032 0.014  0.9029
0.019 0.014 0.048 0.014 0.014 0.065 0.014 0.014 0.016 0.158 0.388 0.016 0.040 0.016 0.014 0.014 0.024 0.014 0.015 0.065 0.014  0.7445
0.087 0.030 0.070 0.074 0.014 0.108 0.101 0.031 0.014 0.029 0.043 0.030 0.014 0.014 0.029 0.073 0.086 0.014 0.014 0.043 0.079  0.9290
0.125 0.022 0.053 0.020 0.014 0.042 0.173 0.029 0.014 0.019 0.029 0.077 0.016 0.014 0.043 0.099 0.082 0.014 0.014 0.018 0.080  0.8901
0.078 0.066 0.066 0.136 0.014 0.073 0.083 0.048 0.040 0.014 0.036 0.058 0.014 0.014 0.014 0.036 0.065 0.014 0.014 0.036 0.079  0.9294
0.038 0.047 0.029 0.014 0.014 0.043 0.029 0.016 0.030 0.317 0.147 0.041 0.014 0.029 0.014 0.058 0.014 0.014 0.014 0.061 0.014  0.8158
0.240 0.014 0.066 0.056 0.014 0.036 0.067 0.036 0.014 0.052 0.042 0.045 0.018 0.014 0.050 0.035 0.081 0.014 0.014 0.074 0.014  0.8855
0.163 0.030 0.047 0.038 0.014 0.085 0.123 0.018 0.014 0.038 0.045 0.081 0.014 0.029 0.018 0.073 0.075 0.014 0.014 0.050 0.014  0.9040
0.028 0.030 0.038 0.030 0.029 0.064 0.050 0.014 0.029 0.022 0.246 0.138 0.014 0.038 0.014 0.034 0.029 0.014 0.043 0.065 0.029  0.8774
0.046 0.031 0.071 0.067 0.014 0.105 0.221 0.034 0.026 0.018 0.016 0.118 0.014 0.014 0.014 0.047 0.045 0.014 0.014 0.040 0.029  0.8766
0.131 0.032 0.062 0.058 0.036 0.065 0.078 0.049 0.026 0.020 0.068 0.097 0.014 0.014 0.014 0.079 0.056 0.014 0.018 0.038 0.029  0.9353
0.033 0.092 0.082 0.045 0.014 0.038 0.225 0.022 0.014 0.039 0.029 0.092 0.036 0.014 0.045 0.034 0.071 0.014 0.014 0.014 0.029  0.8875
0.032 0.070 0.022 0.014 0.022 0.054 0.029 0.029 0.032 0.159 0.177 0.130 0.036 0.014 0.014 0.024 0.014 0.014 0.040 0.045 0.029  0.8814
0.164 0.014 0.072 0.101 0.017 0.046 0.106 0.032 0.014 0.029 0.064 0.117 0.019 0.022 0.014 0.050 0.042 0.014 0.014 0.018 0.029  0.8961
0.038 0.066 0.014 0.064 0.014 0.087 0.115 0.046 0.022 0.014 0.031 0.217 0.014 0.014 0.014 0.030 0.051 0.029 0.029 0.060 0.029  0.8881
0.045 0.050 0.014 0.014 0.022 0.014 0.073 0.014 0.014 0.107 0.298 0.058 0.033 0.043 0.014 0.014 0.044 0.043 0.029 0.025 0.029  0.8463
0.041 0.106 0.081 0.055 0.014 0.062 0.090 0.029 0.014 0.036 0.099 0.101 0.015 0.014 0.014 0.040 0.101 0.014 0.014 0.030 0.029  0.9195
0.117 0.016 0.033 0.044 0.014 0.079 0.237 0.077 0.036 0.014 0.014 0.074 0.014 0.014 0.021 0.059 0.034 0.014 0.014 0.041 0.029  0.8692
0.029 0.014 0.043 0.214 0.014 0.133 0.137 0.014 0.032 0.014 0.014 0.182 0.014 0.014 0.014 0.014 0.014 0.014 0.014 0.029 0.029  0.8099
0.020 0.131 0.016 0.014 0.014 0.023 0.088 0.014 0.026 0.117 0.201 0.109 0.022 0.029 0.014 0.014 0.014 0.029 0.043 0.031 0.029  0.8610
0.151 0.055 0.036 0.171 0.014 0.054 0.133 0.029 0.029 0.036 0.014 0.070 0.014 0.014 0.014 0.057 0.036 0.014 0.014 0.014 0.029  0.8785
0.124 0.014 0.016 0.026 0.014 0.014 0.086 0.014 0.014 0.102 0.059 0.079 0.029 0.014 0.014 0.029 0.148 0.014 0.014 0.144 0.029  0.8701
0.014 0.014 0.014 0.014 0.014 0.014 0.014 0.014 0.014 0.275 0.334 0.014 0.029 0.022 0.014 0.014 0.014 0.014 0.014 0.095 0.029  0.7060
0.016 0.042 0.138 0.129 0.014 0.022 0.072 0.016 0.029 0.129 0.020 0.032 0.017 0.014 0.014 0.096 0.091 0.014 0.014 0.050 0.029  0.8871
0.157 0.014 0.029 0.069 0.014 0.060 0.140 0.029 0.014 0.014 0.025 0.177 0.014 0.014 0.014 0.034 0.079 0.014 0.014 0.043 0.029  0.8625
0.455 0.014 0.014 0.014 0.014 0.014 0.014 0.014 0.014 0.014 0.072 0.014 0.014 0.014 0.014 0.172 0.027 0.014 0.014 0.029 0.029  0.6798
0.014 0.029 0.014 0.014 0.014 0.065 0.171 0.014 0.014 0.291 0.108 0.029 0.058 0.029 0.014 0.014 0.014 0.014 0.014 0.033 0.029  0.8006
0.091 0.050 0.059 0.183 0.014 0.029 0.176 0.022 0.029 0.031 0.029 0.093 0.014 0.014 0.014 0.034 0.046 0.014 0.014 0.014 0.029  0.8722
0.135 0.014 0.014 0.043 0.014 0.014 0.072 0.014 0.014 0.192 0.106 0.014 0.014 0.014 0.014 0.014 0.069 0.014 0.014 0.167 0.029  0.8309
0.014 0.014 0.014 0.014 0.014 0.014 0.014 0.014 0.014 0.282 0.238 0.014 0.029 0.106 0.014 0.014 0.029 0.014 0.063 0.038 0.029  0.7672
0.014 0.093 0.048 0.074 0.014 0.052 0.320 0.014 0.060 0.029 0.079 0.029 0.014 0.014 0.014 0.014 0.014 0.014 0.029 0.029 0.029  0.8241
0.165 0.050 0.086 0.062 0.014 0.068 0.080 0.014 0.014 0.014 0.014 0.102 0.014 0.014 0.014 0.120 0.064 0.014 0.014 0.029 0.029  0.8854
0.029 0.058 0.083 0.029 0.014 0.025 0.043 0.014 0.056 0.058 0.072 0.168 0.014 0.029 0.072 0.022 0.061 0.014 0.081 0.029 0.029  0.9251
0.014 0.025 0.188 0.058 0.014 0.014 0.043 0.094 0.014 0.014 0.014 0.098 0.014 0.029 0.029 0.175 0.088 0.014 0.014 0.014 0.029  0.8522
0.034 0.014 0.014 0.014 0.014 0.014 0.014 0.014 0.014 0.149 0.256 0.014 0.029 0.106 0.014 0.014 0.029 0.058 0.014 0.137 0.029  0.8088
0.118 0.043 0.022 0.014 0.014 0.058 0.086 0.014 0.014 0.099 0.095 0.058 0.014 0.085 0.029 0.050 0.044 0.043 0.029 0.040 0.029  0.9323
0.014 0.029 0.017 0.401 0.014 0.038 0.058 0.014 0.014 0.043 0.029 0.038 0.014 0.014 0.014 0.111 0.029 0.014 0.036 0.029 0.029  0.7705
0.072 0.089 0.014 0.029 0.014 0.025 0.029 0.014 0.058 0.100 0.095 0.085 0.093 0.079 0.014 0.014 0.043 0.014 0.029 0.031 0.058  0.9283
0.043 0.014 0.014 0.014 0.014 0.014 0.014 0.029 0.014 0.055 0.129 0.014 0.014 0.407 0.014 0.029 0.014 0.014 0.029 0.049 0.058  0.7483
0.043 0.058 0.034 0.083 0.014 0.036 0.053 0.072 0.014 0.014 0.029 0.311 0.014 0.014 0.014 0.058 0.036 0.014 0.014 0.014 0.058  0.8379
0.022 0.032 0.075 0.157 0.014 0.029 0.080 0.143 0.022 0.014 0.014 0.083 0.014 0.014 0.115 0.048 0.043 0.014 0.014 0.022 0.029  0.8847
0.061 0.029 0.014 0.014 0.014 0.029 0.019 0.022 0.036 0.037 0.247 0.029 0.035 0.057 0.014 0.052 0.073 0.029 0.064 0.095 0.029  0.8860
0.036 0.014 0.014 0.014 0.014 0.014 0.014 0.014 0.014 0.215 0.249 0.014 0.014 0.111 0.014 0.014 0.029 0.014 0.014 0.129 0.029  0.7769
0.047 0.014 0.014 0.058 0.014 0.025 0.040 0.014 0.014 0.024 0.058 0.029 0.014 0.014 0.518 0.014 0.014 0.014 0.014 0.014 0.029  0.6776
0.014 0.014 0.060 0.038 0.014 0.062 0.072 0.025 0.014 0.017 0.047 0.016 0.014 0.014 0.014 0.238 0.252 0.014 0.014 0.014 0.029  0.7982
0.139 0.014 0.022 0.060 0.014 0.037 0.062 0.038 0.014 0.035 0.156 0.094 0.014 0.014 0.068 0.043 0.042 0.014 0.014 0.074 0.029  0.9031
0.043 0.029 0.024 0.108 0.014 0.054 0.340 0.014 0.014 0.014 0.014 0.121 0.014 0.014 0.014 0.064 0.029 0.014 0.014 0.014 0.029  0.7886
0.054 0.018 0.029 0.088 0.014 0.144 0.129 0.029 0.029 0.022 0.054 0.093 0.014 0.014 0.014 0.035 0.114 0.014 0.029 0.032 0.029  0.9009
0.029 0.014 0.014 0.014 0.014 0.014 0.014 0.014 0.014 0.306 0.312 0.014 0.032 0.029 0.014 0.029 0.019 0.014 0.014 0.043 0.029  0.7194
0.138 0.015 0.063 0.158 0.014 0.059 0.060 0.022 0.014 0.070 0.024 0.061 0.014 0.022 0.016 0.112 0.029 0.014 0.014 0.043 0.036  0.8954
0.145 0.029 0.065 0.076 0.014 0.031 0.054 0.079 0.014 0.015 0.042 0.075 0.029 0.014 0.014 0.122 0.059 0.014 0.014 0.058 0.036  0.9157
0.046 0.014 0.029 0.014 0.014 0.014 0.014 0.022 0.014 0.121 0.345 0.014 0.045 0.058 0.014 0.029 0.036 0.014 0.014 0.090 0.036  0.7956
0.133 0.022 0.112 0.206 0.014 0.065 0.043 0.043 0.014 0.015 0.026 0.043 0.014 0.014 0.014 0.046 0.037 0.014 0.014 0.072 0.036  0.8751
0.058 0.014 0.014 0.029 0.014 0.014 0.014 0.014 0.014 0.178 0.148 0.014 0.069 0.048 0.115 0.022 0.016 0.014 0.014 0.144 0.029  0.8469
0.055 0.045 0.058 0.033 0.014 0.066 0.094 0.043 0.014 0.029 0.016 0.093 0.014 0.014 0.169 0.062 0.092 0.014 0.014 0.029 0.029  0.9093
0.065 0.034 0.102 0.062 0.014 0.048 0.014 0.130 0.014 0.037 0.022 0.082 0.014 0.014 0.054 0.112 0.090 0.019 0.014 0.029 0.029  0.9144
0.095 0.043 0.057 0.022 0.014 0.028 0.014 0.065 0.014 0.014 0.029 0.014 0.014 0.014 0.331 0.115 0.014 0.014 0.014 0.043 0.029  0.8042
0.014 0.029 0.014 0.070 0.014 0.114 0.236 0.029 0.033 0.014 0.065 0.147 0.014 0.014 0.014 0.030 0.059 0.014 0.014 0.029 0.029  0.8470
0.130 0.029 0.014 0.014 0.014 0.014 0.014 0.029 0.014 0.102 0.084 0.236 0.014 0.018 0.043 0.022 0.043 0.014 0.014 0.107 0.029  0.8433
0.144 0.014 0.071 0.138 0.014 0.039 0.145 0.072 0.014 0.014 0.036 0.050 0.018 0.025 0.014 0.080 0.016 0.014 0.014 0.022 0.043  0.8822
0.166 0.014 0.019 0.014 0.014 0.014 0.014 0.029 0.014 0.165 0.202 0.014 0.014 0.014 0.054 0.069 0.034 0.014 0.014 0.061 0.043  0.8312
0.072 0.014 0.014 0.014 0.014 0.014 0.022 0.014 0.014 0.096 0.216 0.014 0.025 0.014 0.014 0.029 0.036 0.014 0.014 0.101 0.231  0.8034
0.050 0.043 0.022 0.022 0.014 0.029 0.014 0.014 0.014 0.053 0.031 0.215 0.034 0.014 0.014 0.056 0.048 0.014 0.014 0.065 0.216  0.8437
0.128 0.014 0.016 0.052 0.014 0.072 0.101 0.019 0.014 0.036 0.094 0.023 0.032 0.014 0.014 0.038 0.022 0.014 0.014 0.065 0.202  0.8716
0.367 0.014 0.014 0.014 0.014 0.014 0.014 0.014 0.014 0.014 0.127 0.014 0.014 0.029 0.014 0.014 0.043 0.014 0.014 0.016 0.202  0.7140
0.058 0.014 0.014 0.014 0.014 0.014 0.014 0.014 0.014 0.208 0.087 0.014 0.030 0.018 0.014 0.014 0.014 0.014 0.014 0.132 0.265  0.7735
0.072 0.017 0.028 0.036 0.014 0.034 0.058 0.014 0.014 0.014 0.014 0.210 0.014 0.014 0.014 0.060 0.047 0.014 0.014 0.014 0.280  0.7973
0.133 0.014 0.014 0.014 0.014 0.108 0.043 0.032 0.014 0.014 0.045 0.065 0.014 0.016 0.014 0.030 0.036 0.014 0.014 0.031 0.315  0.8042
0.176 0.014 0.014 0.014 0.014 0.014 0.014 0.214 0.014 0.014 0.016 0.029 0.014 0.014 0.014 0.038 0.014 0.014 0.014 0.024 0.301  0.7342
0.022 0.029 0.014 0.014 0.014 0.022 0.014 0.014 0.018 0.232 0.228 0.014 0.029 0.029 0.014 0.018 0.022 0.014 0.018 0.097 0.122  0.7956
0.084 0.030 0.036 0.084 0.014 0.037 0.215 0.033 0.029 0.054 0.025 0.093 0.014 0.014 0.014 0.029 0.018 0.014 0.014 0.039 0.108  0.8829
0.058 0.074 0.029 0.072 0.043 0.043 0.014 0.072 0.014 0.150 0.094 0.056 0.014 0.050 0.014 0.036 0.029 0.014 0.028 0.065 0.029  0.9317
0.181 0.014 0.014 0.014 0.014 0.014 0.014 0.014 0.014 0.064 0.314 0.014 0.043 0.014 0.014 0.014 0.033 0.014 0.043 0.106 0.029  0.7775
0.019 0.066 0.087 0.036 0.014 0.077 0.075 0.082 0.016 0.014 0.014 0.179 0.014 0.014 0.014 0.139 0.066 0.014 0.014 0.014 0.029  0.8749
0.043 0.061 0.144 0.029 0.014 0.048 0.052 0.014 0.014 0.014 0.038 0.304 0.014 0.029 0.014 0.046 0.046 0.014 0.014 0.014 0.029  0.8259
0.029 0.014 0.014 0.014 0.014 0.014 0.014 0.014 0.054 0.173 0.195 0.014 0.045 0.086 0.014 0.016 0.045 0.014 0.074 0.109 0.029  0.8501
0.054 0.015 0.014 0.014 0.014 0.014 0.014 0.014 0.014 0.057 0.467 0.014 0.043 0.095 0.014 0.014 0.014 0.014 0.014 0.052 0.029  0.7064
0.019 0.072 0.080 0.191 0.014 0.014 0.043 0.211 0.014 0.014 0.014 0.043 0.014 0.014 0.014 0.102 0.044 0.014 0.014 0.022 0.029  0.8377
0.038 0.015 0.027 0.043 0.014 0.045 0.075 0.029 0.045 0.094 0.144 0.085 0.056 0.024 0.014 0.052 0.038 0.014 0.029 0.074 0.043  0.9366
0.128 0.014 0.014 0.014 0.014 0.014 0.014 0.032 0.014 0.171 0.270 0.014 0.014 0.054 0.014 0.014 0.014 0.014 0.019 0.109 0.029  0.7890
0.024 0.014 0.133 0.156 0.014 0.029 0.086 0.074 0.014 0.029 0.043 0.014 0.029 0.014 0.014 0.183 0.025 0.014 0.014 0.043 0.029  0.8627
0.070 0.029 0.050 0.137 0.014 0.050 0.240 0.060 0.018 0.014 0.014 0.054 0.014 0.014 0.014 0.087 0.036 0.014 0.019 0.019 0.029  0.8596
0.095 0.029 0.014 0.029 0.014 0.029 0.014 0.453 0.029 0.016 0.043 0.014 0.014 0.014 0.014 0.074 0.014 0.014 0.014 0.030 0.029  0.7245
0.029 0.061 0.014 0.014 0.014 0.030 0.014 0.014 0.014 0.131 0.274 0.022 0.086 0.126 0.014 0.014 0.014 0.014 0.024 0.043 0.029  0.8199
0.029 0.108 0.074 0.041 0.014 0.053 0.092 0.016 0.029 0.014 0.014 0.213 0.014 0.014 0.014 0.108 0.078 0.014 0.014 0.014 0.029  0.8648
0.016 0.014 0.014 0.014 0.014 0.014 0.014 0.014 0.029 0.014 0.067 0.014 0.014 0.138 0.014 0.014 0.014 0.014 0.503 0.016 0.029  0.6546
0.078 0.016 0.066 0.068 0.014 0.061 0.032 0.043 0.016 0.082 0.054 0.051 0.065 0.030 0.014 0.141 0.040 0.014 0.014 0.069 0.029  0.9347
0.034 0.050 0.041 0.155 0.014 0.104 0.074 0.048 0.068 0.014 0.043 0.143 0.014 0.014 0.014 0.066 0.029 0.014 0.014 0.014 0.029  0.8963
0.014 0.014 0.014 0.014 0.014 0.014 0.014 0.014 0.014 0.038 0.540 0.014 0.101 0.014 0.014 0.014 0.014 0.014 0.014 0.061 0.029  0.6374
0.079 0.029 0.029 0.029 0.014 0.086 0.022 0.035 0.014 0.139 0.077 0.014 0.018 0.014 0.014 0.018 0.071 0.014 0.014 0.239 0.029  0.8524
0.049 0.038 0.066 0.130 0.014 0.050 0.255 0.026 0.014 0.014 0.014 0.115 0.014 0.014 0.014 0.043 0.053 0.014 0.014 0.016 0.029  0.8438
0.306 0.043 0.014 0.014 0.014 0.072 0.072 0.014 0.029 0.029 0.058 0.014 0.014 0.014 0.014 0.029 0.114 0.014 0.029 0.060 0.029  0.8279
0.029 0.633 0.014 0.014 0.014 0.019 0.014 0.014 0.016 0.029 0.029 0.014 0.014 0.014 0.014 0.029 0.014 0.014 0.014 0.014 0.029  0.5706
0.056 0.115 0.065 0.113 0.014 0.054 0.051 0.020 0.092 0.058 0.056 0.074 0.055 0.014 0.014 0.018 0.054 0.014 0.014 0.033 0.014  0.9288
0.038 0.139 0.058 0.022 0.014 0.111 0.043 0.043 0.036 0.047 0.014 0.152 0.016 0.029 0.014 0.034 0.059 0.014 0.072 0.029 0.014  0.9065
0.022 0.014 0.014 0.014 0.014 0.018 0.014 0.014 0.014 0.093 0.501 0.024 0.062 0.024 0.014 0.014 0.016 0.014 0.014 0.067 0.014  0.6752
0.086 0.108 0.061 0.069 0.014 0.130 0.016 0.029 0.014 0.065 0.014 0.029 0.014 0.014 0.014 0.114 0.083 0.014 0.030 0.065 0.014  0.9020
0.109 0.014 0.109 0.155 0.014 0.061 0.105 0.048 0.021 0.024 0.068 0.074 0.015 0.014 0.014 0.019 0.046 0.014 0.014 0.045 0.014  0.8931
0.029 0.216 0.043 0.029 0.018 0.154 0.108 0.014 0.014 0.014 0.061 0.110 0.014 0.014 0.014 0.014 0.014 0.014 0.074 0.014 0.014  0.8375
0.014 0.058 0.014 0.014 0.014 0.029 0.014 0.014 0.029 0.300 0.278 0.014 0.031 0.014 0.014 0.014 0.014 0.014 0.029 0.060 0.014  0.7417
0.101 0.036 0.130 0.173 0.014 0.045 0.039 0.029 0.014 0.057 0.027 0.039 0.014 0.022 0.014 0.064 0.066 0.014 0.043 0.042 0.014  0.9037
0.077 0.014 0.052 0.126 0.014 0.103 0.130 0.023 0.022 0.043 0.014 0.082 0.014 0.014 0.014 0.074 0.079 0.014 0.014 0.059 0.014  0.8978
0.054 0.088 0.029 0.029 0.029 0.043 0.029 0.014 0.014 0.126 0.317 0.029 0.030 0.014 0.014 0.014 0.026 0.014 0.029 0.042 0.014  0.8234
0.029 0.094 0.088 0.029 0.014 0.144 0.072 0.016 0.032 0.028 0.060 0.104 0.028 0.034 0.014 0.073 0.059 0.014 0.014 0.038 0.014  0.9177
0.081 0.080 0.036 0.040 0.014 0.092 0.196 0.072 0.014 0.014 0.065 0.081 0.019 0.014 0.029 0.030 0.036 0.014 0.014 0.026 0.029  0.8979
0.040 0.117 0.101 0.071 0.014 0.110 0.154 0.014 0.014 0.044 0.082 0.052 0.014 0.014 0.014 0.014 0.036 0.014 0.014 0.034 0.029  0.8916
0.050 0.046 0.040 0.022 0.025 0.051 0.029 0.014 0.026 0.099 0.213 0.024 0.046 0.014 0.014 0.072 0.061 0.014 0.014 0.095 0.029  0.8953
0.081 0.138 0.074 0.075 0.029 0.038 0.036 0.038 0.029 0.038 0.048 0.054 0.014 0.014 0.014 0.059 0.068 0.014 0.029 0.014 0.092  0.9347
0.083 0.031 0.032 0.069 0.014 0.063 0.177 0.042 0.052 0.044 0.015 0.047 0.015 0.014 0.014 0.065 0.053 0.014 0.029 0.033 0.092  0.9188
0.048 0.026 0.058 0.014 0.014 0.029 0.029 0.015 0.029 0.064 0.291 0.036 0.048 0.022 0.014 0.015 0.037 0.029 0.050 0.037 0.092  0.8626
0.045 0.101 0.088 0.067 0.014 0.065 0.072 0.029 0.030 0.019 0.017 0.143 0.025 0.014 0.014 0.051 0.033 0.014 0.014 0.050 0.092  0.9185
0.073 0.125 0.026 0.043 0.019 0.096 0.050 0.029 0.026 0.019 0.043 0.123 0.016 0.014 0.029 0.023 0.094 0.014 0.029 0.014 0.092  0.9143
0.032 0.146 0.043 0.081 0.014 0.172 0.105 0.022 0.014 0.014 0.015 0.125 0.014 0.014 0.016 0.014 0.062 0.014 0.029 0.023 0.029  0.8649
0.068 0.058 0.029 0.029 0.014 0.043 0.014 0.014 0.014 0.154 0.296 0.074 0.022 0.014 0.014 0.022 0.017 0.016 0.014 0.043 0.029  0.8202
0.095 0.065 0.086 0.043 0.016 0.082 0.099 0.031 0.029 0.014 0.019 0.179 0.024 0.036 0.014 0.043 0.050 0.014 0.014 0.014 0.029  0.9024
0.107 0.057 0.040 0.056 0.014 0.137 0.114 0.035 0.018 0.023 0.029 0.093 0.014 0.014 0.014 0.062 0.047 0.014 0.014 0.066 0.029  0.9125
0.057 0.014 0.072 0.014 0.043 0.029 0.067 0.014 0.014 0.115 0.219 0.054 0.018 0.034 0.014 0.047 0.043 0.014 0.029 0.059 0.029  0.8909
0.059 0.036 0.044 0.084 0.014 0.103 0.161 0.014 0.022 0.014 0.049 0.106 0.014 0.029 0.014 0.056 0.095 0.014 0.014 0.027 0.029  0.9012
0.052 0.136 0.016 0.151 0.019 0.138 0.077 0.029 0.036 0.029 0.029 0.053 0.014 0.030 0.014 0.066 0.014 0.014 0.036 0.017 0.029  0.8951
0.043 0.161 0.065 0.016 0.014 0.132 0.070 0.014 0.022 0.017 0.105 0.151 0.022 0.014 0.014 0.014 0.014 0.014 0.029 0.038 0.029  0.8677
0.054 0.032 0.029 0.014 0.029 0.048 0.014 0.014 0.029 0.157 0.282 0.058 0.052 0.018 0.014 0.018 0.053 0.014 0.014 0.026 0.029  0.8383
0.094 0.059 0.045 0.034 0.014 0.066 0.124 0.037 0.018 0.014 0.022 0.064 0.029 0.029 0.014 0.182 0.081 0.014 0.014 0.014 0.029  0.8952
0.101 0.043 0.029 0.072 0.014 0.150 0.067 0.077 0.049 0.014 0.111 0.043 0.029 0.014 0.014 0.031 0.029 0.014 0.040 0.029 0.029  0.9196
0.049 0.014 0.016 0.014 0.014 0.014 0.014 0.014 0.019 0.142 0.294 0.014 0.029 0.043 0.014 0.044 0.052 0.014 0.102 0.050 0.029  0.8186
0.037 0.045 0.105 0.043 0.014 0.030 0.145 0.038 0.043 0.014 0.038 0.079 0.029 0.014 0.029 0.077 0.074 0.014 0.052 0.050 0.029  0.9353
0.141 0.043 0.029 0.124 0.029 0.065 0.052 0.055 0.058 0.058 0.015 0.061 0.022 0.014 0.014 0.076 0.041 0.014 0.014 0.045 0.029  0.9285
0.064 0.014 0.014 0.014 0.014 0.014 0.014 0.014 0.029 0.179 0.141 0.014 0.038 0.101 0.014 0.014 0.045 0.014 0.058 0.158 0.029  0.8503
0.097 0.014 0.041 0.030 0.014 0.121 0.058 0.029 0.032 0.074 0.040 0.050 0.032 0.014 0.086 0.075 0.088 0.016 0.014 0.045 0.029  0.9351
0.129 0.022 0.050 0.073 0.014 0.084 0.123 0.050 0.014 0.014 0.031 0.089 0.025 0.014 0.038 0.065 0.050 0.014 0.029 0.043 0.029  0.9242
0.016 0.014 0.014 0.014 0.014 0.014 0.014 0.014 0.014 0.328 0.257 0.014 0.019 0.038 0.014 0.014 0.014 0.014 0.014 0.111 0.029  0.7175
0.018 0.029 0.045 0.162 0.014 0.041 0.142 0.030 0.023 0.040 0.105 0.036 0.014 0.029 0.014 0.075 0.029 0.014 0.014 0.094 0.029  0.8956
0.081 0.029 0.018 0.062 0.014 0.106 0.171 0.045 0.022 0.017 0.017 0.068 0.014 0.036 0.069 0.057 0.080 0.014 0.024 0.025 0.029  0.9112
0.038 0.022 0.072 0.016 0.025 0.088 0.126 0.015 0.054 0.016 0.067 0.079 0.014 0.035 0.115 0.038 0.016 0.014 0.071 0.048 0.029  0.9251
0.029 0.398 0.014 0.014 0.014 0.040 0.014 0.014 0.014 0.043 0.056 0.179 0.014 0.022 0.014 0.014 0.014 0.014 0.014 0.032 0.029  0.7328
0.057 0.062 0.044 0.054 0.014 0.092 0.090 0.016 0.024 0.017 0.036 0.076 0.018 0.029 0.014 0.143 0.141 0.014 0.014 0.014 0.029  0.9018
0.115 0.029 0.031 0.059 0.019 0.075 0.064 0.030 0.029 0.085 0.064 0.018 0.029 0.014 0.043 0.092 0.075 0.014 0.053 0.032 0.029  0.9458
