204
68
31.363095
0.0329 0.0287 0.0466 0.0363 0.0097 0.0266 0.0568 0.0349 0.0082 0.0608 0.0568 0.0683 0.0162 0.0434 0.0287 0.0427 0.0583 0.0082 0.0458 0.0510 0.2390
0.019 0.019 0.019 0.019 0.019 0.019 0.019 0.019 0.019 0.019 0.019 0.019 0.261 0.019 0.019 0.019 0.019 0.019 0.019 0.019 0.376  0.7077
0.019 0.019 0.019 0.019 0.019 0.019 0.019 0.019 0.019 0.019 0.019 0.261 0.019 0.019 0.019 0.019 0.019 0.019 0.019 0.019 0.376  0.7077
0.029 0.076 0.019 0.019 0.019 0.019 0.019 0.019 0.019 0.029 0.019 0.110 0.019 0.019 0.019 0.019 0.094 0.019 0.019 0.019 0.376  0.7772
0.019 0.019 0.019 0.019 0.019 0.019 0.019 0.019 0.019 0.116 0.066 0.025 0.038 0.021 0.019 0.019 0.074 0.019 0.019 0.053 0.357  0.7978
0.046 0.019 0.019 0.019 0.019 0.019 0.019 0.019 0.019 0.097 0.123 0.019 0.025 0.058 0.019 0.021 0.019 0.019 0.019 0.027 0.354  0.7931
0.019 0.019 0.019 0.019 0.019 0.019 0.019 0.019 0.019 0.090 0.090 0.019 0.019 0.038 0.019 0.048 0.047 0.019 0.019 0.047 0.373  0.7939
0.019 0.019 0.019 0.019 0.019 0.019 0.019 0.019 0.019 0.129 0.054 0.019 0.019 0.091 0.019 0.038 0.029 0.019 0.019 0.019 0.373  0.7779
0.019 0.019 0.019 0.019 0.019 0.019 0.019 0.019 0.019 0.070 0.139 0.019 0.019 0.038 0.019 0.024 0.060 0.019 0.019 0.038 0.363  0.7867
0.019 0.019 0.019 0.019 0.029 0.019 0.019 0.041 0.019 0.101 0.068 0.019 0.025 0.086 0.019 0.077 0.019 0.019 0.019 0.025 0.319  0.8255
0.029 0.019 0.019 0.019 0.038 0.019 0.019 0.019 0.019 0.056 0.187 0.019 0.025 0.028 0.019 0.019 0.019 0.019 0.019 0.070 0.319  0.7976
0.022 0.019 0.019 0.019 0.019 0.019 0.019 0.019 0.019 0.066 0.068 0.019 0.019 0.080 0.019 0.114 0.048 0.019 0.019 0.038 0.316  0.8252
0.019 0.019 0.019 0.019 0.019 0.019 0.019 0.076 0.019 0.045 0.134 0.019 0.042 0.057 0.019 0.041 0.019 0.019 0.021 0.038 0.316  0.8244
0.019 0.019 0.031 0.019 0.063 0.019 0.019 0.025 0.019 0.071 0.144 0.019 0.019 0.019 0.019 0.035 0.019 0.019 0.038 0.038 0.326  0.8146
0.103 0.019 0.019 0.019 0.038 0.019 0.019 0.061 0.019 0.081 0.041 0.019 0.019 0.029 0.019 0.076 0.030 0.019 0.019 0.019 0.312  0.8332
0.019 0.019 0.019 0.019 0.048 0.019 0.019 0.019 0.019 0.045 0.097 0.019 0.038 0.052 0.019 0.038 0.028 0.019 0.041 0.090 0.312  0.8402
0.021 0.019 0.041 0.025 0.019 0.065 0.038 0.042 0.019 0.019 0.021 0.019 0.036 0.047 0.057 0.067 0.057 0.019 0.047 0.019 0.300  0.8641
0.089 0.019 0.019 0.019 0.116 0.019 0.029 0.023 0.019 0.038 0.051 0.019 0.019 0.019 0.019 0.029 0.043 0.019 0.025 0.064 0.303  0.8382
0.038 0.038 0.019 0.019 0.019 0.019 0.019 0.019 0.019 0.073 0.041 0.065 0.019 0.045 0.019 0.102 0.022 0.019 0.021 0.052 0.312  0.8407
0.241 0.019 0.019 0.019 0.019 0.019 0.019 0.019 0.038 0.019 0.021 0.019 0.021 0.019 0.019 0.057 0.041 0.019 0.019 0.019 0.312  0.7719
0.019 0.029 0.019 0.019 0.019 0.205 0.019 0.019 0.029 0.019 0.019 0.019 0.019 0.019 0.019 0.019 0.019 0.019 0.031 0.019 0.402  0.7264
0.019 0.019 0.019 0.038 0.019 0.019 0.019 0.019 0.019 0.019 0.019 0.019 0.019 0.019 0.019 0.019 0.038 0.019 0.019 0.019 0.580  0.6326
0.019 0.019 0.019 0.019 0.019 0.019 0.019 0.019 0.019 0.019 0.019 0.038 0.019 0.019 0.019 0.019 0.019 0.019 0.019 0.019 0.599  0.6135
0.019 0.019 0.019 0.019 0.019 0.019 0.019 0.019 0.019 0.019 0.019 0.019 0.019 0.019 0.038 0.019 0.019 0.019 0.019 0.019 0.599  0.6135
0.019 0.019 0.019 0.019 0.019 0.019 0.019 0.019 0.019 0.038 0.019 0.019 0.019 0.019 0.019 0.019 0.019 0.019 0.019 0.019 0.599  0.6135
0.019 0.038 0.019 0.019 0.019 0.019 0.019 0.019 0.019 0.019 0.019 0.019 0.019 0.019 0.019 0.019 0.019 0.019 0.019 0.019 0.599  0.6135
0.019 0.019 0.019 0.019 0.019 0.019 0.019 0.019 0.019 0.019 0.019 0.019 0.019 0.019 0.019 0.019 0.038 0.019 0.019 0.019 0.599  0.6135
0.019 0.019 0.019 0.019 0.019 0.019 0.038 0.019 0.019 0.019 0.019 0.019 0.019 0.019 0.019 0.019 0.019 0.019 0.019 0.019 0.599  0.6135
0.019 0.019 0.019 0.019 0.019 0.019 0.038 0.019 0.019 0.019 0.019 0.019 0.019 0.019 0.019 0.029 0.019 0.019 0.019 0.019 0.589  0.6236
0.031 0.019 0.019 0.019 0.019 0.019 0.019 0.019 0.019 0.060 0.086 0.019 0.041 0.019 0.019 0.038 0.029 0.019 0.019 0.048 0.419  0.7681
0.019 0.019 0.019 0.019 0.019 0.019 0.019 0.019 0.030 0.029 0.081 0.019 0.019 0.035 0.019 0.030 0.067 0.019 0.044 0.038 0.416  0.7720
0.166 0.019 0.019 0.019 0.019 0.019 0.032 0.057 0.019 0.019 0.019 0.019 0.019 0.019 0.019 0.038 0.019 0.025 0.019 0.019 0.395  0.7524
0.019 0.019 0.019 0.019 0.019 0.289 0.025 0.032 0.019 0.019 0.019 0.019 0.019 0.019 0.019 0.019 0.024 0.019 0.019 0.019 0.325  0.7311
0.019 0.019 0.019 0.019 0.019 0.038 0.019 0.019 0.038 0.019 0.019 0.019 0.019 0.019 0.032 0.019 0.242 0.019 0.019 0.038 0.325  0.7642
0.019 0.019 0.229 0.046 0.019 0.019 0.046 0.019 0.019 0.025 0.019 0.041 0.019 0.038 0.038 0.060 0.038 0.019 0.033 0.051 0.181  0.8685
0.019 0.019 0.038 0.038 0.019 0.019 0.019 0.019 0.019 0.038 0.067 0.019 0.019 0.048 0.019 0.019 0.019 0.038 0.303 0.019 0.181  0.8143
0.019 0.019 0.019 0.019 0.019 0.019 0.019 0.019 0.019 0.019 0.019 0.019 0.019 0.038 0.019 0.019 0.019 0.019 0.446 0.019 0.172  0.7056
0.045 0.038 0.057 0.076 0.019 0.038 0.038 0.019 0.046 0.019 0.019 0.069 0.019 0.019 0.038 0.051 0.140 0.019 0.019 0.038 0.172  0.9141
0.019 0.019 0.046 0.069 0.019 0.032 0.072 0.038 0.019 0.024 0.019 0.057 0.019 0.019 0.067 0.029 0.120 0.019 0.038 0.056 0.201  0.9036
0.019 0.057 0.043 0.048 0.019 0.019 0.038 0.134 0.019 0.019 0.019 0.038 0.019 0.019 0.038 0.041 0.258 0.019 0.019 0.019 0.095  0.8614
0.051 0.038 0.019 0.076 0.019 0.069 0.057 0.038 0.019 0.038 0.019 0.205 0.019 0.019 0.057 0.019 0.087 0.019 0.019 0.034 0.076  0.9079
0.019 0.076 0.019 0.038 0.019 0.023 0.027 0.019 0.038 0.092 0.019 0.019 0.019 0.019 0.021 0.046 0.332 0.019 0.019 0.038 0.076  0.8265
0.019 0.019 0.019 0.019 0.019 0.019 0.019 0.019 0.019 0.057 0.041 0.019 0.019 0.329 0.019 0.019 0.038 0.019 0.019 0.172 0.076  0.7940
0.019 0.038 0.089 0.025 0.031 0.037 0.032 0.019 0.117 0.019 0.019 0.130 0.019 0.019 0.019 0.038 0.113 0.019 0.063 0.038 0.095  0.9157
0.095 0.019 0.019 0.019 0.019 0.025 0.228 0.136 0.019 0.057 0.038 0.019 0.019 0.019 0.019 0.057 0.038 0.019 0.019 0.038 0.076  0.8719
0.019 0.019 0.232 0.149 0.019 0.050 0.038 0.046 0.019 0.019 0.019 0.119 0.019 0.019 0.021 0.038 0.019 0.019 0.019 0.038 0.057  0.8604
0.019 0.038 0.115 0.051 0.019 0.019 0.021 0.345 0.019 0.019 0.019 0.038 0.019 0.019 0.019 0.048 0.057 0.019 0.019 0.019 0.057  0.8142
0.057 0.038 0.038 0.019 0.019 0.038 0.057 0.019 0.019 0.115 0.019 0.038 0.038 0.019 0.019 0.019 0.057 0.019 0.255 0.019 0.076  0.8751
0.019 0.019 0.057 0.019 0.019 0.019 0.019 0.019 0.019 0.043 0.038 0.019 0.019 0.019 0.019 0.127 0.346 0.019 0.019 0.045 0.076  0.8033
0.019 0.019 0.019 0.019 0.019 0.019 0.019 0.019 0.019 0.019 0.019 0.019 0.019 0.076 0.019 0.019 0.019 0.038 0.542 0.019 0.019  0.6615
0.019 0.057 0.038 0.031 0.038 0.246 0.057 0.019 0.048 0.038 0.057 0.076 0.019 0.019 0.019 0.019 0.046 0.019 0.038 0.076 0.019  0.8954
0.057 0.038 0.019 0.019 0.351 0.019 0.019 0.038 0.019 0.024 0.019 0.019 0.019 0.019 0.019 0.019 0.019 0.019 0.019 0.205 0.019  0.7649
0.025 0.038 0.019 0.274 0.019 0.019 0.048 0.019 0.057 0.038 0.019 0.107 0.038 0.019 0.019 0.089 0.065 0.019 0.019 0.029 0.019  0.8610
0.019 0.019 0.038 0.019 0.019 0.038 0.057 0.019 0.024 0.060 0.057 0.076 0.019 0.051 0.038 0.038 0.064 0.019 0.033 0.272 0.019  0.8803
0.035 0.062 0.069 0.085 0.038 0.072 0.072 0.038 0.019 0.095 0.063 0.019 0.019 0.038 0.022 0.068 0.057 0.019 0.048 0.024 0.038  0.9605
0.048 0.038 0.021 0.076 0.019 0.038 0.029 0.038 0.019 0.019 0.019 0.081 0.019 0.019 0.019 0.019 0.043 0.019 0.019 0.019 0.377  0.8009
0.060 0.019 0.051 0.019 0.019 0.029 0.072 0.127 0.019 0.032 0.029 0.041 0.019 0.019 0.033 0.021 0.064 0.019 0.073 0.022 0.214  0.8931
0.080 0.038 0.019 0.019 0.019 0.019 0.045 0.185 0.025 0.019 0.038 0.070 0.038 0.027 0.040 0.218 0.019 0.019 0.024 0.019 0.019  0.8652
0.019 0.077 0.085 0.043 0.019 0.038 0.038 0.133 0.019 0.029 0.063 0.127 0.048 0.046 0.019 0.062 0.019 0.019 0.019 0.038 0.038  0.9322
0.046 0.045 0.021 0.030 0.019 0.019 0.024 0.037 0.038 0.095 0.065 0.021 0.032 0.119 0.019 0.038 0.107 0.038 0.057 0.033 0.095  0.9416
0.019 0.019 0.019 0.038 0.019 0.019 0.019 0.019 0.019 0.198 0.084 0.038 0.023 0.065 0.019 0.019 0.038 0.019 0.038 0.248 0.019  0.8358
0.022 0.139 0.043 0.019 0.043 0.048 0.038 0.038 0.023 0.046 0.038 0.079 0.019 0.038 0.019 0.079 0.154 0.019 0.057 0.019 0.019  0.9219
0.019 0.019 0.019 0.019 0.019 0.019 0.019 0.019 0.019 0.095 0.408 0.019 0.038 0.038 0.019 0.019 0.019 0.019 0.038 0.095 0.019  0.7628
0.067 0.057 0.062 0.019 0.019 0.057 0.019 0.076 0.019 0.019 0.019 0.038 0.038 0.019 0.019 0.067 0.027 0.019 0.300 0.019 0.019  0.8533
0.019 0.019 0.584 0.019 0.019 0.019 0.019 0.019 0.019 0.019 0.019 0.032 0.019 0.019 0.019 0.041 0.019 0.019 0.019 0.019 0.019  0.6289
0.074 0.019 0.021 0.019 0.019 0.038 0.019 0.038 0.019 0.111 0.057 0.259 0.019 0.019 0.019 0.081 0.038 0.019 0.019 0.051 0.038  0.8686
0.050 0.038 0.177 0.038 0.043 0.038 0.161 0.032 0.019 0.019 0.021 0.060 0.019 0.019 0.019 0.120 0.050 0.019 0.019 0.019 0.019  0.8882
0.019 0.019 0.534 0.032 0.038 0.038 0.019 0.038 0.019 0.019 0.019 0.019 0.019 0.019 0.019 0.033 0.019 0.019 0.019 0.019 0.019  0.6787
0.023 0.028 0.032 0.019 0.019 0.038 0.038 0.019 0.038 0.038 0.019 0.354 0.019 0.019 0.057 0.027 0.098 0.019 0.019 0.057 0.019  0.8193
0.019 0.057 0.019 0.057 0.019 0.019 0.019 0.019 0.057 0.019 0.224 0.019 0.019 0.134 0.019 0.019 0.019 0.089 0.115 0.019 0.019  0.8595
0.038 0.019 0.031 0.076 0.019 0.019 0.038 0.038 0.019 0.117 0.032 0.076 0.019 0.038 0.057 0.019 0.205 0.019 0.038 0.060 0.019  0.9030
0.019 0.019 0.132 0.038 0.019 0.019 0.057 0.057 0.055 0.029 0.019 0.060 0.019 0.080 0.019 0.057 0.038 0.019 0.204 0.019 0.019  0.8941
0.088 0.019 0.019 0.038 0.019 0.043 0.078 0.038 0.019 0.055 0.038 0.123 0.019 0.019 0.029 0.057 0.082 0.019 0.019 0.160 0.019  0.9137
0.019 0.051 0.041 0.100 0.019 0.053 0.095 0.038 0.024 0.025 0.038 0.141 0.029 0.029 0.060 0.057 0.054 0.019 0.050 0.038 0.019  0.9431
0.038 0.038 0.038 0.019 0.019 0.169 0.057 0.019 0.019 0.057 0.019 0.019 0.053 0.057 0.088 0.043 0.038 0.075 0.019 0.038 0.076  0.9325
0.029 0.038 0.019 0.019 0.019 0.076 0.019 0.019 0.019 0.144 0.049 0.038 0.105 0.019 0.019 0.060 0.067 0.019 0.038 0.145 0.038  0.9104
0.019 0.038 0.095 0.086 0.019 0.019 0.019 0.019 0.019 0.060 0.038 0.038 0.038 0.079 0.019 0.038 0.019 0.019 0.259 0.019 0.038  0.8734
0.019 0.032 0.038 0.038 0.038 0.019 0.019 0.019 0.019 0.021 0.080 0.267 0.038 0.057 0.103 0.019 0.029 0.019 0.057 0.029 0.038  0.8754
0.080 0.057 0.070 0.214 0.019 0.019 0.086 0.048 0.019 0.019 0.019 0.019 0.019 0.019 0.057 0.073 0.048 0.019 0.019 0.019 0.057  0.8976
0.019 0.038 0.038 0.076 0.019 0.019 0.038 0.153 0.019 0.029 0.019 0.038 0.019 0.019 0.019 0.062 0.241 0.019 0.019 0.057 0.038  0.8684
0.019 0.019 0.064 0.021 0.019 0.019 0.025 0.277 0.019 0.019 0.019 0.038 0.019 0.019 0.019 0.038 0.019 0.019 0.019 0.038 0.248  0.7920
0.067 0.046 0.019 0.038 0.019 0.029 0.091 0.019 0.019 0.024 0.019 0.221 0.038 0.019 0.019 0.084 0.092 0.019 0.019 0.021 0.076  0.8875
0.051 0.057 0.043 0.019 0.019 0.053 0.123 0.019 0.032 0.052 0.019 0.040 0.038 0.019 0.105 0.066 0.050 0.019 0.019 0.060 0.095  0.9429
0.019 0.038 0.019 0.019 0.019 0.038 0.019 0.019 0.019 0.153 0.025 0.019 0.038 0.071 0.037 0.019 0.057 0.019 0.100 0.175 0.076  0.8917
0.025 0.045 0.019 0.038 0.019 0.019 0.150 0.019 0.019 0.065 0.019 0.051 0.029 0.019 0.116 0.051 0.095 0.019 0.057 0.049 0.076  0.9227
0.053 0.038 0.019 0.038 0.076 0.058 0.048 0.057 0.041 0.088 0.019 0.019 0.075 0.064 0.095 0.045 0.019 0.019 0.019 0.053 0.057  0.9604
0.057 0.038 0.019 0.099 0.019 0.019 0.057 0.057 0.019 0.019 0.033 0.098 0.038 0.019 0.041 0.062 0.103 0.019 0.092 0.033 0.057  0.9438
0.050 0.019 0.029 0.127 0.019 0.019 0.143 0.081 0.027 0.019 0.019 0.025 0.019 0.048 0.091 0.019 0.019 0.057 0.080 0.051 0.038  0.9184
0.033 0.072 0.107 0.106 0.019 0.019 0.080 0.076 0.019 0.024 0.038 0.019 0.076 0.019 0.019 0.025 0.057 0.019 0.019 0.067 0.086  0.9328
0.019 0.038 0.041 0.021 0.019 0.019 0.104 0.106 0.019 0.056 0.038 0.048 0.021 0.038 0.019 0.051 0.075 0.019 0.029 0.048 0.172  0.9189
0.048 0.038 0.079 0.081 0.019 0.019 0.082 0.033 0.019 0.022 0.019 0.054 0.019 0.043 0.115 0.019 0.038 0.029 0.038 0.019 0.165  0.9189
0.019 0.057 0.043 0.119 0.019 0.038 0.056 0.024 0.038 0.076 0.106 0.026 0.019 0.048 0.067 0.019 0.019 0.019 0.059 0.057 0.069  0.9458
0.029 0.019 0.029 0.072 0.019 0.019 0.024 0.057 0.019 0.067 0.188 0.019 0.019 0.089 0.038 0.048 0.037 0.019 0.021 0.100 0.067  0.9105
0.057 0.019 0.086 0.031 0.019 0.022 0.167 0.038 0.019 0.046 0.019 0.076 0.019 0.019 0.019 0.086 0.019 0.019 0.019 0.104 0.095  0.9048
0.023 0.079 0.035 0.102 0.019 0.019 0.105 0.019 0.019 0.055 0.019 0.041 0.019 0.038 0.019 0.068 0.065 0.019 0.080 0.053 0.105  0.9347
0.074 0.019 0.038 0.162 0.019 0.038 0.109 0.038 0.019 0.042 0.023 0.043 0.019 0.019 0.057 0.019 0.029 0.019 0.038 0.051 0.124  0.9156
0.068 0.025 0.089 0.051 0.019 0.019 0.051 0.019 0.019 0.038 0.019 0.084 0.038 0.024 0.041 0.103 0.110 0.019 0.019 0.019 0.124  0.9242
0.019 0.019 0.019 0.019 0.019 0.038 0.019 0.019 0.019 0.027 0.038 0.019 0.019 0.140 0.019 0.032 0.095 0.152 0.115 0.019 0.134  0.8758
0.038 0.019 0.055 0.107 0.019 0.019 0.065 0.019 0.019 0.041 0.057 0.038 0.038 0.019 0.019 0.038 0.190 0.019 0.019 0.019 0.142  0.8924
0.038 0.125 0.025 0.057 0.019 0.019 0.050 0.019 0.019 0.057 0.053 0.138 0.038 0.048 0.046 0.065 0.025 0.043 0.038 0.019 0.057  0.9419
0.022 0.049 0.059 0.038 0.019 0.045 0.094 0.076 0.033 0.019 0.038 0.078 0.019 0.019 0.102 0.150 0.019 0.025 0.032 0.024 0.038  0.9301
0.038 0.019 0.019 0.057 0.038 0.091 0.080 0.019 0.038 0.095 0.038 0.206 0.019 0.019 0.038 0.031 0.039 0.019 0.038 0.019 0.038  0.9095
0.051 0.045 0.019 0.019 0.191 0.019 0.025 0.019 0.019 0.076 0.094 0.038 0.038 0.081 0.029 0.038 0.019 0.019 0.026 0.095 0.038  0.9105
0.019 0.048 0.019 0.053 0.019 0.038 0.057 0.057 0.019 0.019 0.073 0.111 0.057 0.102 0.019 0.019 0.038 0.019 0.135 0.057 0.019  0.9279
0.038 0.095 0.019 0.038 0.024 0.053 0.097 0.019 0.019 0.019 0.019 0.113 0.038 0.038 0.019 0.198 0.019 0.019 0.019 0.076 0.019  0.8911
0.134 0.019 0.019 0.019 0.019 0.019 0.019 0.019 0.038 0.322 0.038 0.019 0.019 0.019 0.019 0.019 0.038 0.019 0.038 0.124 0.019  0.8047
0.019 0.019 0.019 0.019 0.019 0.019 0.019 0.019 0.019 0.111 0.183 0.019 0.019 0.180 0.019 0.019 0.019 0.019 0.019 0.202 0.019  0.8116
0.019 0.042 0.274 0.038 0.019 0.057 0.038 0.019 0.019 0.019 0.057 0.149 0.019 0.019 0.019 0.038 0.038 0.019 0.019 0.019 0.057  0.8518
0.028 0.038 0.154 0.055 0.019 0.032 0.187 0.064 0.019 0.019 0.019 0.081 0.019 0.019 0.076 0.036 0.019 0.019 0.019 0.019 0.057  0.8909
0.303 0.019 0.019 0.019 0.019 0.019 0.019 0.038 0.019 0.048 0.048 0.019 0.019 0.029 0.019 0.057 0.115 0.019 0.057 0.057 0.038  0.8457
0.019 0.019 0.019 0.019 0.019 0.019 0.019 0.019 0.019 0.038 0.129 0.019 0.019 0.432 0.019 0.019 0.019 0.019 0.038 0.038 0.038  0.7421
0.048 0.019 0.019 0.019 0.019 0.019 0.019 0.026 0.019 0.021 0.038 0.019 0.019 0.019 0.057 0.284 0.239 0.019 0.019 0.019 0.038  0.7944
0.072 0.057 0.033 0.049 0.019 0.067 0.048 0.038 0.019 0.038 0.038 0.153 0.019 0.019 0.102 0.075 0.046 0.019 0.019 0.032 0.038  0.9382
0.103 0.019 0.038 0.045 0.019 0.057 0.294 0.019 0.019 0.038 0.019 0.019 0.019 0.019 0.019 0.039 0.080 0.019 0.019 0.019 0.076  0.8466
0.019 0.057 0.038 0.038 0.019 0.057 0.351 0.019 0.019 0.038 0.019 0.057 0.057 0.021 0.019 0.019 0.038 0.019 0.036 0.019 0.038  0.8305
0.038 0.111 0.038 0.019 0.019 0.048 0.019 0.019 0.019 0.040 0.086 0.234 0.062 0.031 0.019 0.019 0.038 0.019 0.065 0.019 0.038  0.8880
0.057 0.053 0.038 0.075 0.019 0.143 0.130 0.038 0.019 0.038 0.025 0.076 0.038 0.019 0.019 0.038 0.038 0.019 0.019 0.038 0.057  0.9320
0.043 0.233 0.019 0.019 0.019 0.057 0.095 0.019 0.019 0.045 0.057 0.118 0.051 0.019 0.019 0.038 0.019 0.019 0.019 0.033 0.038  0.8828
0.019 0.038 0.038 0.019 0.038 0.038 0.019 0.019 0.019 0.162 0.245 0.019 0.062 0.019 0.038 0.038 0.032 0.019 0.038 0.060 0.019  0.8683
0.067 0.094 0.103 0.042 0.019 0.038 0.019 0.070 0.019 0.019 0.019 0.290 0.019 0.019 0.019 0.029 0.019 0.019 0.019 0.038 0.019  0.8453
0.019 0.019 0.040 0.172 0.019 0.057 0.097 0.249 0.019 0.019 0.019 0.057 0.019 0.019 0.019 0.028 0.051 0.019 0.019 0.019 0.019  0.8428
0.062 0.072 0.061 0.030 0.038 0.064 0.102 0.029 0.053 0.031 0.019 0.115 0.019 0.029 0.027 0.092 0.025 0.041 0.027 0.038 0.029  0.9518
0.038 0.067 0.048 0.055 0.019 0.019 0.127 0.038 0.019 0.019 0.038 0.136 0.019 0.033 0.019 0.081 0.057 0.038 0.038 0.072 0.019  0.9330
0.038 0.019 0.019 0.019 0.019 0.019 0.019 0.029 0.019 0.053 0.267 0.019 0.038 0.250 0.019 0.019 0.019 0.019 0.019 0.057 0.019  0.7973
0.019 0.067 0.049 0.057 0.019 0.045 0.027 0.072 0.038 0.097 0.038 0.019 0.025 0.029 0.019 0.045 0.161 0.019 0.086 0.051 0.019  0.9313
0.019 0.019 0.019 0.019 0.019 0.019 0.019 0.019 0.019 0.432 0.107 0.019 0.019 0.019 0.019 0.019 0.019 0.019 0.019 0.118 0.019  0.7272
0.038 0.043 0.070 0.045 0.056 0.019 0.057 0.072 0.019 0.107 0.029 0.041 0.038 0.076 0.019 0.041 0.089 0.029 0.038 0.055 0.019  0.9612
0.038 0.019 0.019 0.019 0.050 0.019 0.019 0.019 0.019 0.083 0.203 0.019 0.147 0.019 0.038 0.019 0.033 0.019 0.115 0.064 0.019  0.8720
0.060 0.057 0.038 0.019 0.034 0.019 0.019 0.038 0.019 0.115 0.057 0.019 0.019 0.019 0.019 0.041 0.019 0.019 0.254 0.095 0.019  0.8681
0.097 0.019 0.019 0.019 0.019 0.019 0.019 0.019 0.019 0.310 0.110 0.019 0.019 0.038 0.019 0.038 0.044 0.019 0.038 0.076 0.019  0.8285
0.019 0.019 0.147 0.284 0.019 0.019 0.038 0.019 0.019 0.019 0.019 0.019 0.019 0.019 0.019 0.168 0.057 0.019 0.019 0.019 0.019  0.8004
0.038 0.038 0.050 0.046 0.019 0.019 0.038 0.057 0.019 0.019 0.038 0.076 0.019 0.038 0.194 0.157 0.038 0.019 0.038 0.019 0.019  0.8990
0.038 0.019 0.045 0.091 0.019 0.038 0.132 0.022 0.019 0.019 0.019 0.048 0.019 0.019 0.019 0.030 0.022 0.019 0.019 0.019 0.325  0.8171
0.057 0.019 0.042 0.050 0.019 0.076 0.038 0.019 0.019 0.019 0.019 0.057 0.019 0.019 0.019 0.048 0.360 0.019 0.019 0.019 0.042  0.8160
0.019 0.019 0.019 0.023 0.019 0.019 0.038 0.523 0.019 0.019 0.050 0.019 0.038 0.038 0.019 0.019 0.019 0.019 0.019 0.023 0.019  0.6877
0.024 0.082 0.115 0.038 0.038 0.038 0.068 0.019 0.019 0.046 0.019 0.225 0.019 0.019 0.019 0.024 0.065 0.019 0.019 0.061 0.023  0.8888
0.045 0.019 0.019 0.019 0.019 0.019 0.019 0.019 0.019 0.266 0.019 0.038 0.038 0.019 0.038 0.019 0.051 0.019 0.019 0.257 0.019  0.7962
0.057 0.065 0.019 0.051 0.019 0.025 0.060 0.019 0.038 0.084 0.127 0.057 0.070 0.019 0.019 0.071 0.032 0.019 0.019 0.108 0.019  0.9344
0.019 0.019 0.019 0.100 0.019 0.019 0.518 0.019 0.019 0.019 0.019 0.019 0.019 0.038 0.019 0.019 0.019 0.019 0.019 0.019 0.019  0.6756
0.019 0.019 0.019 0.019 0.019 0.019 0.019 0.019 0.019 0.110 0.122 0.019 0.029 0.019 0.019 0.019 0.038 0.019 0.019 0.396 0.019  0.7560
0.038 0.067 0.035 0.079 0.019 0.019 0.160 0.062 0.019 0.024 0.026 0.019 0.019 0.019 0.019 0.147 0.057 0.019 0.090 0.042 0.019  0.9032
0.019 0.019 0.019 0.019 0.019 0.019 0.019 0.019 0.019 0.019 0.019 0.019 0.019 0.580 0.019 0.019 0.019 0.019 0.057 0.019 0.019  0.6294
0.076 0.064 0.068 0.055 0.019 0.076 0.091 0.038 0.032 0.067 0.057 0.032 0.027 0.038 0.019 0.051 0.073 0.019 0.039 0.038 0.019  0.9648
0.038 0.019 0.019 0.019 0.019 0.019 0.019 0.019 0.019 0.105 0.070 0.019 0.048 0.376 0.019 0.038 0.019 0.019 0.038 0.019 0.038  0.7940
0.042 0.086 0.029 0.094 0.019 0.019 0.048 0.019 0.040 0.029 0.033 0.057 0.022 0.095 0.050 0.064 0.070 0.038 0.035 0.072 0.038  0.9608
0.076 0.031 0.130 0.043 0.019 0.019 0.041 0.021 0.019 0.038 0.038 0.049 0.019 0.019 0.057 0.094 0.132 0.019 0.038 0.038 0.057  0.9315
0.027 0.021 0.172 0.088 0.019 0.021 0.019 0.038 0.041 0.051 0.038 0.038 0.019 0.124 0.019 0.033 0.033 0.019 0.019 0.102 0.057  0.9096
0.019 0.022 0.049 0.037 0.019 0.019 0.068 0.076 0.019 0.019 0.019 0.019 0.019 0.019 0.172 0.134 0.098 0.019 0.019 0.038 0.095  0.8912
0.057 0.019 0.019 0.019 0.038 0.038 0.038 0.019 0.038 0.095 0.057 0.019 0.038 0.019 0.211 0.041 0.022 0.019 0.019 0.076 0.095  0.9018
0.038 0.019 0.019 0.019 0.038 0.019 0.019 0.019 0.019 0.038 0.165 0.057 0.057 0.131 0.019 0.019 0.019 0.038 0.169 0.019 0.057  0.8823
0.250 0.019 0.057 0.019 0.019 0.038 0.038 0.038 0.019 0.019 0.057 0.038 0.038 0.019 0.019 0.057 0.117 0.019 0.038 0.021 0.057  0.8832
0.041 0.070 0.038 0.019 0.019 0.086 0.019 0.019 0.019 0.019 0.019 0.111 0.019 0.038 0.038 0.038 0.233 0.019 0.038 0.038 0.057  0.8885
0.038 0.019 0.019 0.019 0.019 0.019 0.038 0.019 0.019 0.363 0.038 0.019 0.019 0.057 0.019 0.019 0.019 0.019 0.019 0.141 0.057  0.7896
0.038 0.019 0.038 0.076 0.019 0.019 0.038 0.019 0.019 0.019 0.019 0.019 0.019 0.019 0.446 0.057 0.019 0.019 0.019 0.019 0.038  0.7481
0.057 0.019 0.019 0.019 0.019 0.019 0.019 0.038 0.019 0.144 0.076 0.019 0.019 0.019 0.191 0.019 0.019 0.019 0.019 0.188 0.038  0.8465
0.057 0.019 0.019 0.095 0.019 0.076 0.057 0.019 0.032 0.019 0.038 0.019 0.038 0.019 0.038 0.274 0.038 0.019 0.045 0.019 0.038  0.8722
0.019 0.115 0.019 0.038 0.019 0.019 0.057 0.019 0.019 0.026 0.019 0.076 0.019 0.019 0.019 0.019 0.079 0.019 0.038 0.284 0.057  0.8483
0.019 0.019 0.019 0.019 0.019 0.019 0.019 0.019 0.019 0.019 0.172 0.019 0.019 0.175 0.019 0.019 0.019 0.019 0.272 0.019 0.057  0.7917
0.076 0.227 0.019 0.019 0.019 0.038 0.115 0.038 0.048 0.038 0.019 0.038 0.019 0.057 0.019 0.038 0.019 0.019 0.057 0.019 0.057  0.8940
0.019 0.041 0.051 0.019 0.019 0.103 0.198 0.019 0.019 0.019 0.057 0.187 0.038 0.019 0.019 0.019 0.038 0.019 0.038 0.019 0.038  0.8687
0.019 0.019 0.019 0.019 0.019 0.019 0.019 0.019 0.019 0.351 0.220 0.019 0.067 0.019 0.019 0.019 0.019 0.019 0.019 0.019 0.038  0.7525
0.019 0.038 0.019 0.019 0.019 0.019 0.580 0.019 0.019 0.019 0.019 0.019 0.019 0.019 0.019 0.019 0.019 0.019 0.019 0.019 0.038  0.6326
0.038 0.019 0.038 0.057 0.019 0.115 0.019 0.019 0.019 0.046 0.059 0.095 0.019 0.019 0.019 0.019 0.184 0.019 0.019 0.119 0.038  0.8920
0.038 0.038 0.115 0.022 0.019 0.043 0.206 0.046 0.019 0.019 0.019 0.186 0.019 0.019 0.019 0.019 0.019 0.019 0.038 0.038 0.038  0.8632
0.019 0.019 0.019 0.019 0.019 0.019 0.038 0.019 0.019 0.212 0.329 0.019 0.019 0.038 0.019 0.019 0.019 0.019 0.038 0.038 0.038  0.7806
0.019 0.038 0.019 0.019 0.019 0.019 0.019 0.019 0.019 0.050 0.038 0.503 0.038 0.019 0.019 0.019 0.019 0.019 0.019 0.026 0.038  0.7056
0.019 0.038 0.067 0.029 0.019 0.084 0.082 0.019 0.019 0.019 0.019 0.289 0.019 0.019 0.019 0.067 0.019 0.019 0.019 0.019 0.095  0.8435
0.019 0.038 0.124 0.060 0.019 0.057 0.060 0.057 0.038 0.025 0.048 0.088 0.038 0.019 0.019 0.029 0.095 0.019 0.076 0.032 0.038  0.9478
0.019 0.019 0.019 0.019 0.038 0.019 0.019 0.019 0.019 0.241 0.144 0.019 0.019 0.019 0.019 0.038 0.019 0.019 0.038 0.175 0.057  0.8290
0.019 0.053 0.019 0.019 0.038 0.045 0.019 0.019 0.089 0.019 0.019 0.191 0.019 0.019 0.019 0.070 0.038 0.152 0.019 0.038 0.076  0.8867
0.038 0.019 0.019 0.019 0.019 0.019 0.019 0.019 0.019 0.057 0.110 0.019 0.019 0.273 0.019 0.019 0.019 0.076 0.101 0.019 0.076  0.8437
0.038 0.048 0.086 0.048 0.019 0.019 0.057 0.019 0.019 0.051 0.019 0.089 0.019 0.024 0.038 0.038 0.166 0.019 0.019 0.088 0.076  0.9224
0.038 0.019 0.019 0.038 0.019 0.019 0.038 0.019 0.019 0.076 0.082 0.019 0.038 0.057 0.262 0.019 0.045 0.019 0.038 0.038 0.076  0.8804
0.025 0.019 0.143 0.029 0.019 0.019 0.019 0.032 0.019 0.054 0.019 0.019 0.019 0.019 0.076 0.127 0.207 0.019 0.019 0.019 0.076  0.8638
0.082 0.038 0.029 0.057 0.019 0.038 0.204 0.029 0.019 0.025 0.038 0.089 0.019 0.019 0.091 0.024 0.046 0.019 0.019 0.019 0.076  0.9044
0.032 0.038 0.057 0.088 0.019 0.057 0.110 0.038 0.024 0.019 0.067 0.038 0.019 0.038 0.019 0.019 0.057 0.019 0.076 0.059 0.105  0.9459
0.115 0.019 0.057 0.095 0.019 0.019 0.019 0.274 0.019 0.019 0.038 0.019 0.024 0.019 0.038 0.019 0.019 0.019 0.019 0.019 0.110  0.8392
0.057 0.138 0.019 0.019 0.038 0.029 0.027 0.019 0.019 0.019 0.019 0.291 0.019 0.019 0.019 0.038 0.019 0.019 0.019 0.019 0.134  0.8200
0.019 0.091 0.019 0.038 0.019 0.057 0.022 0.057 0.019 0.019 0.019 0.232 0.044 0.019 0.038 0.038 0.057 0.019 0.019 0.019 0.134  0.8765
0.019 0.038 0.019 0.038 0.019 0.019 0.019 0.019 0.019 0.095 0.238 0.019 0.046 0.095 0.019 0.019 0.019 0.019 0.038 0.048 0.134  0.8630
0.019 0.033 0.340 0.038 0.019 0.038 0.019 0.019 0.019 0.019 0.019 0.120 0.019 0.019 0.019 0.030 0.019 0.019 0.019 0.019 0.134  0.7935
0.019 0.019 0.076 0.019 0.019 0.019 0.019 0.019 0.051 0.019 0.019 0.019 0.019 0.113 0.019 0.019 0.019 0.019 0.320 0.019 0.134  0.8007
0.019 0.019 0.019 0.019 0.019 0.019 0.019 0.019 0.019 0.285 0.127 0.019 0.076 0.019 0.019 0.038 0.019 0.019 0.019 0.033 0.153  0.8132
0.019 0.038 0.019 0.019 0.019 0.038 0.019 0.019 0.076 0.024 0.080 0.070 0.057 0.095 0.038 0.057 0.019 0.019 0.044 0.070 0.159  0.9261
0.036 0.065 0.019 0.019 0.033 0.038 0.019 0.019 0.019 0.019 0.099 0.019 0.038 0.115 0.019 0.019 0.019 0.019 0.093 0.038 0.234  0.8723
0.025 0.019 0.019 0.019 0.019 0.019 0.019 0.067 0.029 0.064 0.029 0.019 0.046 0.057 0.019 0.055 0.019 0.094 0.045 0.057 0.260  0.8783
0.019 0.019 0.033 0.019 0.019 0.025 0.019 0.019 0.019 0.032 0.035 0.023 0.019 0.029 0.019 0.019 0.019 0.266 0.019 0.038 0.289  0.7769
0.114 0.060 0.038 0.041 0.019 0.019 0.019 0.019 0.033 0.019 0.038 0.019 0.064 0.019 0.033 0.046 0.048 0.019 0.019 0.019 0.293  0.8547
0.019 0.019 0.019 0.019 0.019 0.133 0.019 0.019 0.095 0.054 0.033 0.019 0.019 0.019 0.019 0.019 0.019 0.019 0.057 0.051 0.309  0.8212
0.019 0.032 0.019 0.038 0.019 0.019 0.142 0.019 0.038 0.019 0.019 0.048 0.019 0.019 0.019 0.045 0.038 0.019 0.019 0.033 0.356  0.7993
0.019 0.019 0.019 0.019 0.019 0.019 0.019 0.019 0.019 0.037 0.057 0.019 0.019 0.032 0.133 0.019 0.019 0.019 0.019 0.086 0.369  0.7802
0.038 0.019 0.038 0.019 0.019 0.038 0.037 0.056 0.019 0.019 0.019 0.147 0.019 0.019 0.019 0.019 0.019 0.019 0.019 0.019 0.379  0.7764
0.037 0.019 0.019 0.029 0.019 0.019 0.019 0.038 0.019 0.019 0.019 0.019 0.019 0.019 0.019 0.029 0.038 0.019 0.019 0.038 0.524  0.6883
0.019 0.019 0.019 0.019 0.019 0.019 0.019 0.019 0.019 0.019 0.019 0.038 0.019 0.019 0.019 0.019 0.056 0.019 0.019 0.019 0.562  0.6470
0.019 0.019 0.019 0.019 0.019 0.019 0.019 0.019 0.019 0.038 0.056 0.019 0.019 0.019 0.019 0.019 0.019 0.019 0.019 0.019 0.562  0.6470
0.019 0.019 0.019 0.019 0.019 0.019 0.019 0.019 0.019 0.019 0.019 0.038 0.019 0.019 0.038 0.019 0.019 0.019 0.019 0.019 0.580  0.6326
0.019 0.019 0.019 0.019 0.019 0.019 0.019 0.019 0.019 0.019 0.019 0.019 0.019 0.019 0.057 0.019 0.019 0.019 0.019 0.019 0.580  0.6294
0.019 0.019 0.019 0.019 0.019 0.019 0.019 0.019 0.019 0.019 0.057 0.019 0.019 0.019 0.019 0.019 0.019 0.019 0.019 0.019 0.580  0.6294
0.019 0.019 0.025 0.019 0.019 0.019 0.019 0.019 0.019 0.019 0.019 0.019 0.019 0.019 0.032 0.019 0.038 0.019 0.019 0.019 0.580  0.6336
0.019 0.019 0.019 0.019 0.019 0.019 0.019 0.019 0.019 0.019 0.019 0.019 0.019 0.019 0.057 0.019 0.019 0.019 0.019 0.019 0.580  0.6294
0.019 0.019 0.019 0.019 0.019 0.019 0.019 0.038 0.019 0.019 0.019 0.019 0.019 0.019 0.038 0.019 0.019 0.019 0.019 0.019 0.580  0.6326
0.019 0.019 0.019 0.019 0.019 0.019 0.019 0.057 0.019 0.019 0.019 0.019 0.019 0.019 0.019 0.019 0.019 0.019 0.019 0.019 0.580  0.6294
0.019 0.019 0.019 0.019 0.019 0.038 0.019 0.019 0.019 0.019 0.019 0.019 0.019 0.019 0.025 0.032 0.019 0.019 0.019 0.019 0.580  0.6336
0.019 0.019 0.019 0.019 0.019 0.019 0.019 0.019 0.019 0.019 0.038 0.019 0.019 0.019 0.019 0.019 0.019 0.019 0.019 0.038 0.580  0.6326
0.019 0.019 0.019 0.038 0.019 0.019 0.019 0.019 0.019 0.019 0.019 0.019 0.038 0.019 0.019 0.019 0.019 0.019 0.019 0.019 0.580  0.6326
