204
75
34.746429
0.0351 0.0314 0.0455 0.0359 0.0092 0.0270 0.0558 0.0348 0.0089 0.0607 0.0564 0.0643 0.0164 0.0448 0.0291 0.0446 0.0586 0.0077 0.0438 0.0518 0.2384
0.018 0.018 0.018 0.018 0.018 0.018 0.018 0.018 0.018 0.018 0.018 0.018 0.270 0.018 0.018 0.018 0.018 0.018 0.018 0.018 0.389  0.6869
0.018 0.018 0.018 0.018 0.018 0.018 0.018 0.018 0.018 0.018 0.018 0.279 0.018 0.018 0.018 0.018 0.018 0.018 0.018 0.018 0.380  0.6879
0.027 0.072 0.018 0.018 0.018 0.018 0.018 0.018 0.018 0.027 0.018 0.103 0.018 0.018 0.018 0.018 0.105 0.018 0.018 0.018 0.398  0.7562
0.018 0.018 0.018 0.018 0.018 0.018 0.018 0.018 0.018 0.120 0.062 0.024 0.036 0.020 0.018 0.036 0.057 0.018 0.018 0.049 0.380  0.7815
0.030 0.018 0.018 0.018 0.018 0.018 0.018 0.018 0.018 0.117 0.098 0.018 0.024 0.055 0.018 0.020 0.027 0.018 0.018 0.022 0.392  0.7642
0.018 0.018 0.018 0.018 0.018 0.018 0.018 0.018 0.018 0.072 0.100 0.018 0.027 0.042 0.018 0.045 0.052 0.018 0.036 0.044 0.368  0.7989
0.018 0.018 0.018 0.018 0.018 0.018 0.018 0.018 0.018 0.145 0.029 0.018 0.018 0.073 0.018 0.042 0.029 0.018 0.018 0.036 0.394  0.7579
0.027 0.018 0.018 0.018 0.018 0.018 0.018 0.018 0.018 0.066 0.138 0.018 0.018 0.036 0.018 0.022 0.064 0.018 0.018 0.042 0.372  0.7781
0.045 0.018 0.018 0.018 0.025 0.018 0.018 0.038 0.018 0.074 0.087 0.018 0.024 0.081 0.018 0.064 0.018 0.018 0.018 0.018 0.346  0.8094
0.027 0.018 0.018 0.018 0.018 0.018 0.018 0.018 0.018 0.073 0.187 0.018 0.022 0.020 0.018 0.018 0.036 0.018 0.018 0.073 0.328  0.7816
0.021 0.018 0.018 0.018 0.018 0.018 0.018 0.018 0.018 0.042 0.065 0.018 0.018 0.099 0.018 0.131 0.045 0.018 0.018 0.036 0.328  0.8043
0.018 0.018 0.018 0.018 0.018 0.018 0.018 0.054 0.018 0.040 0.174 0.018 0.039 0.052 0.018 0.036 0.024 0.018 0.020 0.036 0.328  0.8002
0.018 0.018 0.029 0.018 0.055 0.018 0.018 0.027 0.018 0.072 0.158 0.018 0.018 0.018 0.018 0.032 0.018 0.018 0.036 0.036 0.339  0.7961
0.114 0.018 0.018 0.018 0.036 0.036 0.018 0.039 0.018 0.076 0.020 0.018 0.036 0.027 0.018 0.072 0.040 0.018 0.018 0.018 0.324  0.8245
0.018 0.018 0.018 0.018 0.045 0.018 0.018 0.018 0.018 0.062 0.091 0.018 0.018 0.063 0.018 0.036 0.044 0.018 0.038 0.081 0.324  0.8279
0.020 0.018 0.038 0.042 0.018 0.062 0.036 0.039 0.018 0.018 0.020 0.018 0.031 0.044 0.054 0.069 0.063 0.018 0.043 0.018 0.313  0.8536
0.102 0.018 0.018 0.018 0.115 0.018 0.018 0.022 0.018 0.036 0.046 0.018 0.018 0.018 0.018 0.033 0.040 0.018 0.023 0.061 0.325  0.8158
0.036 0.036 0.022 0.018 0.018 0.018 0.018 0.018 0.018 0.084 0.020 0.076 0.018 0.042 0.018 0.109 0.021 0.018 0.020 0.048 0.324  0.8216
0.250 0.018 0.018 0.018 0.018 0.018 0.018 0.018 0.036 0.018 0.020 0.018 0.020 0.018 0.018 0.060 0.021 0.018 0.018 0.036 0.324  0.7538
0.018 0.027 0.018 0.018 0.018 0.223 0.018 0.018 0.027 0.018 0.018 0.018 0.018 0.018 0.018 0.018 0.018 0.018 0.029 0.018 0.407  0.7068
0.018 0.018 0.018 0.036 0.018 0.018 0.018 0.018 0.018 0.018 0.018 0.018 0.018 0.018 0.018 0.018 0.036 0.018 0.018 0.018 0.605  0.6047
0.018 0.018 0.018 0.018 0.018 0.018 0.018 0.018 0.018 0.018 0.018 0.036 0.018 0.018 0.018 0.018 0.018 0.018 0.018 0.018 0.623  0.5861
0.018 0.018 0.018 0.018 0.018 0.018 0.018 0.018 0.018 0.018 0.018 0.018 0.018 0.018 0.036 0.018 0.018 0.018 0.018 0.018 0.623  0.5861
0.018 0.018 0.018 0.018 0.018 0.018 0.018 0.018 0.018 0.036 0.018 0.018 0.018 0.018 0.018 0.018 0.018 0.018 0.018 0.018 0.623  0.5861
0.018 0.036 0.018 0.018 0.018 0.018 0.018 0.018 0.018 0.018 0.018 0.018 0.018 0.018 0.018 0.018 0.018 0.018 0.018 0.018 0.623  0.5861
0.018 0.018 0.018 0.018 0.018 0.018 0.018 0.018 0.018 0.018 0.018 0.018 0.018 0.018 0.018 0.018 0.036 0.018 0.018 0.018 0.623  0.5861
0.018 0.018 0.018 0.018 0.018 0.018 0.045 0.018 0.018 0.018 0.018 0.018 0.018 0.018 0.018 0.018 0.018 0.018 0.018 0.018 0.614  0.5942
0.018 0.018 0.018 0.018 0.018 0.018 0.036 0.018 0.018 0.018 0.018 0.018 0.018 0.018 0.018 0.054 0.018 0.018 0.018 0.018 0.587  0.6199
0.038 0.018 0.018 0.018 0.018 0.018 0.018 0.018 0.018 0.048 0.078 0.018 0.038 0.018 0.018 0.036 0.027 0.018 0.018 0.069 0.433  0.7536
0.018 0.018 0.018 0.018 0.018 0.018 0.018 0.018 0.029 0.027 0.073 0.018 0.018 0.051 0.018 0.025 0.054 0.018 0.041 0.054 0.431  0.7584
0.177 0.018 0.018 0.018 0.018 0.018 0.030 0.054 0.018 0.018 0.018 0.018 0.018 0.018 0.018 0.054 0.018 0.024 0.018 0.018 0.393  0.7436
0.018 0.018 0.018 0.018 0.018 0.308 0.024 0.030 0.018 0.018 0.018 0.018 0.018 0.018 0.018 0.018 0.022 0.018 0.018 0.018 0.329  0.7101
0.018 0.018 0.018 0.018 0.018 0.036 0.018 0.018 0.036 0.018 0.018 0.018 0.018 0.018 0.030 0.018 0.247 0.018 0.036 0.045 0.320  0.7627
0.018 0.036 0.230 0.058 0.018 0.018 0.044 0.018 0.018 0.024 0.018 0.050 0.018 0.054 0.036 0.057 0.036 0.018 0.028 0.048 0.157  0.8770
0.018 0.018 0.036 0.036 0.018 0.018 0.018 0.018 0.036 0.036 0.063 0.018 0.018 0.063 0.018 0.018 0.018 0.036 0.305 0.036 0.157  0.8245
0.018 0.018 0.018 0.018 0.018 0.018 0.018 0.018 0.018 0.018 0.018 0.018 0.018 0.036 0.018 0.018 0.018 0.036 0.475 0.018 0.148  0.6902
0.039 0.036 0.063 0.090 0.018 0.042 0.054 0.018 0.044 0.018 0.018 0.062 0.018 0.018 0.036 0.059 0.149 0.018 0.018 0.036 0.148  0.9147
0.018 0.018 0.040 0.071 0.018 0.048 0.067 0.036 0.018 0.022 0.018 0.054 0.018 0.018 0.063 0.027 0.141 0.018 0.036 0.040 0.211  0.8895
0.036 0.054 0.039 0.033 0.018 0.018 0.036 0.130 0.018 0.018 0.018 0.054 0.018 0.018 0.036 0.038 0.271 0.018 0.018 0.018 0.094  0.8539
0.048 0.063 0.018 0.090 0.018 0.047 0.054 0.036 0.018 0.036 0.018 0.206 0.018 0.018 0.054 0.036 0.081 0.018 0.018 0.030 0.076  0.9069
0.018 0.072 0.018 0.036 0.018 0.022 0.039 0.018 0.036 0.085 0.018 0.036 0.018 0.018 0.020 0.045 0.340 0.018 0.018 0.036 0.072  0.8243
0.018 0.018 0.018 0.018 0.018 0.018 0.018 0.018 0.018 0.060 0.056 0.018 0.018 0.348 0.018 0.018 0.036 0.018 0.018 0.160 0.072  0.7819
0.018 0.072 0.095 0.024 0.030 0.032 0.048 0.018 0.110 0.018 0.018 0.140 0.018 0.018 0.018 0.036 0.105 0.018 0.067 0.027 0.072  0.9132
0.108 0.018 0.018 0.018 0.018 0.038 0.238 0.128 0.018 0.072 0.036 0.018 0.018 0.018 0.018 0.058 0.036 0.018 0.018 0.054 0.036  0.8647
0.027 0.018 0.248 0.155 0.033 0.047 0.036 0.045 0.018 0.018 0.018 0.112 0.018 0.018 0.020 0.035 0.018 0.018 0.018 0.045 0.036  0.8526
0.018 0.036 0.108 0.048 0.018 0.018 0.020 0.385 0.018 0.018 0.018 0.054 0.018 0.018 0.018 0.045 0.054 0.018 0.018 0.018 0.036  0.7849
0.054 0.036 0.036 0.018 0.018 0.036 0.072 0.018 0.018 0.112 0.018 0.036 0.036 0.054 0.018 0.018 0.072 0.018 0.242 0.018 0.054  0.8817
0.018 0.018 0.054 0.018 0.018 0.018 0.018 0.018 0.018 0.040 0.036 0.018 0.018 0.018 0.018 0.116 0.372 0.018 0.018 0.078 0.054  0.7844
0.018 0.018 0.018 0.018 0.018 0.018 0.018 0.018 0.018 0.018 0.018 0.018 0.018 0.072 0.018 0.018 0.018 0.036 0.552 0.018 0.036  0.6511
0.018 0.054 0.036 0.031 0.036 0.269 0.054 0.018 0.045 0.054 0.036 0.072 0.018 0.018 0.018 0.018 0.045 0.018 0.036 0.072 0.036  0.8840
0.090 0.036 0.018 0.018 0.350 0.018 0.018 0.036 0.018 0.022 0.018 0.018 0.018 0.018 0.018 0.018 0.018 0.018 0.018 0.179 0.036  0.7702
0.024 0.036 0.036 0.278 0.018 0.018 0.063 0.018 0.036 0.036 0.018 0.085 0.036 0.018 0.018 0.084 0.081 0.018 0.018 0.027 0.036  0.8638
0.036 0.018 0.018 0.036 0.018 0.036 0.036 0.018 0.022 0.056 0.076 0.072 0.018 0.048 0.036 0.036 0.042 0.018 0.031 0.294 0.036  0.8695
0.032 0.058 0.067 0.096 0.036 0.053 0.067 0.036 0.036 0.090 0.047 0.033 0.036 0.036 0.021 0.082 0.036 0.018 0.045 0.022 0.054  0.9679
0.045 0.018 0.020 0.090 0.018 0.054 0.024 0.036 0.018 0.018 0.018 0.067 0.018 0.018 0.018 0.018 0.040 0.018 0.018 0.018 0.409  0.7694
0.056 0.022 0.048 0.018 0.018 0.027 0.068 0.107 0.018 0.026 0.027 0.038 0.018 0.018 0.039 0.038 0.060 0.018 0.051 0.021 0.265  0.8747
0.059 0.036 0.018 0.018 0.036 0.018 0.060 0.155 0.033 0.018 0.036 0.066 0.036 0.028 0.039 0.236 0.018 0.018 0.038 0.018 0.018  0.8740
0.018 0.090 0.098 0.039 0.018 0.051 0.036 0.161 0.018 0.028 0.062 0.090 0.045 0.045 0.018 0.058 0.018 0.018 0.018 0.036 0.036  0.9239
0.045 0.055 0.020 0.028 0.018 0.018 0.037 0.030 0.036 0.090 0.060 0.020 0.039 0.118 0.018 0.054 0.101 0.036 0.036 0.033 0.108  0.9416
0.018 0.018 0.018 0.036 0.018 0.018 0.018 0.018 0.018 0.186 0.081 0.036 0.022 0.081 0.018 0.018 0.036 0.018 0.036 0.272 0.018  0.8210
0.021 0.134 0.058 0.018 0.040 0.045 0.036 0.036 0.022 0.045 0.054 0.074 0.018 0.036 0.018 0.074 0.154 0.018 0.054 0.027 0.018  0.9236
0.018 0.018 0.018 0.018 0.018 0.018 0.018 0.018 0.018 0.090 0.444 0.018 0.036 0.036 0.018 0.018 0.018 0.018 0.036 0.090 0.018  0.7335
0.063 0.072 0.060 0.018 0.018 0.054 0.036 0.054 0.018 0.018 0.018 0.036 0.036 0.036 0.018 0.063 0.028 0.018 0.302 0.018 0.018  0.8566
0.018 0.018 0.609 0.018 0.018 0.018 0.018 0.018 0.018 0.018 0.018 0.030 0.018 0.018 0.018 0.038 0.018 0.018 0.018 0.018 0.018  0.6010
0.090 0.018 0.020 0.018 0.018 0.036 0.018 0.018 0.018 0.123 0.054 0.267 0.018 0.018 0.018 0.094 0.036 0.018 0.018 0.048 0.036  0.8479
0.064 0.036 0.202 0.058 0.040 0.036 0.134 0.030 0.018 0.018 0.020 0.056 0.018 0.018 0.018 0.115 0.047 0.018 0.018 0.018 0.018  0.8833
0.036 0.018 0.526 0.030 0.036 0.036 0.018 0.036 0.018 0.018 0.018 0.018 0.018 0.018 0.018 0.031 0.018 0.018 0.018 0.018 0.036  0.6852
0.022 0.042 0.030 0.018 0.018 0.035 0.040 0.036 0.036 0.036 0.018 0.335 0.018 0.018 0.054 0.028 0.092 0.018 0.018 0.054 0.036  0.8372
0.018 0.081 0.018 0.054 0.018 0.018 0.018 0.018 0.072 0.018 0.217 0.018 0.018 0.117 0.018 0.018 0.018 0.083 0.108 0.018 0.036  0.8656
0.036 0.018 0.035 0.081 0.018 0.018 0.036 0.036 0.018 0.114 0.030 0.072 0.018 0.036 0.054 0.036 0.199 0.018 0.036 0.057 0.036  0.9108
0.018 0.018 0.133 0.018 0.018 0.018 0.036 0.054 0.051 0.027 0.018 0.057 0.018 0.084 0.018 0.054 0.054 0.018 0.236 0.018 0.036  0.8738
0.098 0.018 0.018 0.045 0.018 0.058 0.073 0.040 0.018 0.034 0.045 0.097 0.018 0.018 0.027 0.054 0.094 0.018 0.018 0.156 0.036  0.9182
0.018 0.066 0.053 0.109 0.018 0.049 0.081 0.036 0.023 0.024 0.036 0.132 0.027 0.027 0.075 0.054 0.055 0.018 0.029 0.036 0.036  0.9432
0.036 0.036 0.036 0.018 0.018 0.206 0.045 0.018 0.018 0.054 0.018 0.018 0.049 0.054 0.082 0.041 0.036 0.074 0.018 0.036 0.090  0.9114
0.027 0.036 0.018 0.018 0.018 0.099 0.018 0.018 0.018 0.138 0.026 0.036 0.117 0.036 0.018 0.057 0.076 0.018 0.018 0.138 0.054  0.9004
0.018 0.036 0.072 0.072 0.018 0.018 0.018 0.018 0.018 0.054 0.036 0.054 0.036 0.071 0.018 0.036 0.045 0.018 0.275 0.018 0.054  0.8730
0.018 0.039 0.036 0.018 0.036 0.018 0.018 0.018 0.036 0.020 0.075 0.246 0.036 0.054 0.081 0.018 0.045 0.027 0.054 0.036 0.072  0.8930
0.081 0.081 0.057 0.232 0.018 0.018 0.090 0.042 0.018 0.018 0.018 0.018 0.018 0.018 0.036 0.069 0.045 0.018 0.018 0.018 0.072  0.8809
0.018 0.036 0.036 0.099 0.018 0.018 0.036 0.175 0.018 0.045 0.018 0.036 0.018 0.018 0.018 0.040 0.229 0.018 0.018 0.036 0.054  0.8589
0.018 0.018 0.058 0.020 0.018 0.018 0.024 0.302 0.018 0.018 0.018 0.027 0.018 0.018 0.018 0.036 0.018 0.018 0.018 0.036 0.264  0.7618
0.045 0.072 0.018 0.027 0.018 0.024 0.086 0.018 0.018 0.022 0.018 0.240 0.036 0.018 0.018 0.090 0.104 0.018 0.018 0.020 0.072  0.8681
0.048 0.072 0.041 0.018 0.018 0.067 0.130 0.036 0.030 0.051 0.018 0.039 0.036 0.018 0.144 0.062 0.047 0.018 0.018 0.054 0.036  0.9328
0.018 0.036 0.018 0.018 0.018 0.036 0.018 0.018 0.018 0.184 0.033 0.018 0.036 0.066 0.049 0.018 0.054 0.018 0.112 0.179 0.036  0.8740
0.023 0.039 0.018 0.036 0.018 0.018 0.158 0.018 0.018 0.061 0.018 0.050 0.027 0.036 0.144 0.057 0.108 0.018 0.054 0.046 0.036  0.9093
0.067 0.036 0.018 0.036 0.072 0.036 0.051 0.054 0.039 0.098 0.033 0.018 0.069 0.063 0.108 0.046 0.018 0.018 0.036 0.049 0.036  0.9594
0.054 0.036 0.036 0.079 0.018 0.018 0.081 0.036 0.018 0.018 0.028 0.085 0.036 0.051 0.057 0.057 0.096 0.018 0.084 0.058 0.036  0.9550
0.056 0.018 0.033 0.144 0.018 0.018 0.130 0.076 0.028 0.036 0.018 0.024 0.018 0.036 0.067 0.054 0.018 0.063 0.062 0.048 0.036  0.9278
0.049 0.085 0.083 0.128 0.018 0.018 0.073 0.090 0.018 0.022 0.036 0.018 0.072 0.018 0.027 0.033 0.063 0.018 0.018 0.045 0.069  0.9328
0.036 0.045 0.067 0.018 0.018 0.018 0.082 0.117 0.018 0.034 0.018 0.045 0.029 0.036 0.033 0.048 0.094 0.018 0.056 0.027 0.144  0.9274
0.027 0.045 0.081 0.091 0.018 0.027 0.077 0.031 0.018 0.021 0.018 0.050 0.018 0.058 0.105 0.036 0.036 0.018 0.045 0.018 0.161  0.9202
0.018 0.036 0.040 0.112 0.018 0.027 0.053 0.040 0.036 0.071 0.129 0.025 0.018 0.051 0.054 0.018 0.018 0.018 0.075 0.054 0.090  0.9358
0.027 0.018 0.027 0.049 0.018 0.018 0.022 0.054 0.018 0.081 0.169 0.018 0.018 0.086 0.027 0.045 0.040 0.018 0.027 0.122 0.099  0.9040
0.054 0.018 0.103 0.027 0.018 0.021 0.195 0.036 0.018 0.026 0.033 0.056 0.018 0.018 0.027 0.108 0.020 0.018 0.018 0.098 0.072  0.8913
0.022 0.092 0.043 0.102 0.027 0.018 0.107 0.018 0.022 0.049 0.018 0.036 0.018 0.036 0.018 0.064 0.051 0.018 0.093 0.049 0.099  0.9324
0.070 0.018 0.036 0.153 0.018 0.036 0.099 0.054 0.018 0.039 0.028 0.040 0.018 0.018 0.072 0.018 0.027 0.018 0.038 0.085 0.099  0.9219
0.069 0.024 0.081 0.081 0.018 0.018 0.051 0.018 0.018 0.054 0.027 0.081 0.036 0.022 0.036 0.115 0.080 0.018 0.018 0.020 0.117  0.9281
0.018 0.018 0.018 0.018 0.018 0.036 0.018 0.018 0.018 0.027 0.036 0.018 0.018 0.152 0.018 0.030 0.117 0.145 0.090 0.027 0.144  0.8684
0.045 0.018 0.052 0.084 0.018 0.018 0.063 0.018 0.018 0.056 0.054 0.036 0.036 0.018 0.018 0.054 0.190 0.018 0.018 0.018 0.151  0.8910
0.036 0.120 0.024 0.072 0.018 0.018 0.067 0.018 0.036 0.063 0.049 0.121 0.054 0.045 0.045 0.061 0.024 0.040 0.036 0.018 0.036  0.9470
0.021 0.048 0.076 0.036 0.018 0.033 0.117 0.072 0.031 0.018 0.036 0.073 0.018 0.018 0.102 0.138 0.018 0.024 0.030 0.037 0.036  0.9255
0.036 0.018 0.018 0.054 0.036 0.085 0.057 0.018 0.036 0.090 0.054 0.196 0.027 0.018 0.045 0.049 0.039 0.018 0.036 0.036 0.036  0.9231
0.048 0.042 0.018 0.018 0.167 0.018 0.024 0.018 0.018 0.090 0.072 0.036 0.036 0.096 0.027 0.051 0.018 0.018 0.025 0.126 0.036  0.9071
0.018 0.069 0.018 0.049 0.018 0.036 0.096 0.036 0.018 0.018 0.087 0.109 0.054 0.094 0.018 0.018 0.036 0.018 0.120 0.054 0.018  0.9226
0.036 0.090 0.036 0.033 0.022 0.082 0.112 0.018 0.018 0.018 0.018 0.126 0.036 0.036 0.018 0.177 0.018 0.018 0.018 0.054 0.018  0.8917
0.148 0.018 0.018 0.018 0.018 0.018 0.018 0.018 0.036 0.323 0.036 0.018 0.018 0.018 0.018 0.036 0.036 0.018 0.036 0.117 0.018  0.7990
0.018 0.018 0.018 0.018 0.018 0.018 0.018 0.018 0.018 0.094 0.175 0.018 0.018 0.188 0.018 0.018 0.018 0.018 0.018 0.238 0.018  0.7914
0.018 0.066 0.260 0.036 0.018 0.054 0.036 0.018 0.018 0.036 0.054 0.162 0.018 0.018 0.018 0.018 0.036 0.027 0.018 0.018 0.054  0.8517
0.041 0.018 0.178 0.052 0.018 0.030 0.212 0.051 0.018 0.018 0.018 0.079 0.018 0.018 0.072 0.034 0.018 0.018 0.018 0.018 0.054  0.8648
0.308 0.018 0.018 0.018 0.036 0.018 0.018 0.054 0.018 0.045 0.045 0.018 0.018 0.027 0.018 0.069 0.112 0.018 0.036 0.054 0.036  0.8413
0.018 0.018 0.018 0.018 0.018 0.018 0.018 0.018 0.018 0.036 0.112 0.018 0.027 0.466 0.018 0.018 0.018 0.018 0.036 0.036 0.036  0.7179
0.027 0.018 0.018 0.018 0.018 0.018 0.018 0.025 0.018 0.020 0.036 0.018 0.018 0.018 0.054 0.317 0.252 0.018 0.018 0.018 0.036  0.7596
0.087 0.036 0.030 0.046 0.018 0.063 0.063 0.036 0.018 0.036 0.036 0.166 0.018 0.018 0.132 0.061 0.058 0.018 0.018 0.026 0.018  0.9149
0.112 0.018 0.036 0.042 0.018 0.054 0.281 0.018 0.036 0.051 0.018 0.018 0.018 0.018 0.018 0.054 0.066 0.018 0.018 0.018 0.072  0.8544
0.018 0.072 0.036 0.054 0.018 0.054 0.372 0.018 0.018 0.036 0.018 0.054 0.036 0.020 0.018 0.018 0.036 0.018 0.034 0.018 0.036  0.8105
0.036 0.155 0.018 0.018 0.018 0.045 0.018 0.018 0.018 0.055 0.099 0.207 0.058 0.031 0.018 0.018 0.036 0.018 0.063 0.018 0.036  0.8768
0.054 0.049 0.036 0.073 0.018 0.161 0.119 0.036 0.018 0.054 0.024 0.090 0.036 0.018 0.018 0.036 0.036 0.018 0.018 0.036 0.054  0.9239
0.058 0.257 0.018 0.018 0.018 0.090 0.090 0.018 0.018 0.024 0.054 0.097 0.030 0.018 0.018 0.036 0.018 0.018 0.018 0.031 0.054  0.8644
0.018 0.036 0.018 0.018 0.036 0.018 0.018 0.018 0.018 0.161 0.267 0.018 0.093 0.018 0.036 0.036 0.030 0.018 0.036 0.071 0.018  0.8386
0.090 0.103 0.099 0.039 0.018 0.036 0.018 0.084 0.018 0.018 0.018 0.271 0.018 0.018 0.018 0.027 0.018 0.018 0.018 0.036 0.018  0.8443
0.036 0.018 0.055 0.152 0.018 0.054 0.093 0.266 0.018 0.018 0.018 0.054 0.018 0.018 0.018 0.026 0.048 0.018 0.018 0.018 0.018  0.8411
0.058 0.080 0.055 0.028 0.036 0.042 0.136 0.018 0.050 0.031 0.018 0.108 0.036 0.027 0.027 0.101 0.024 0.029 0.025 0.045 0.027  0.9392
0.063 0.072 0.027 0.051 0.018 0.027 0.108 0.036 0.018 0.045 0.036 0.095 0.036 0.031 0.027 0.076 0.054 0.036 0.054 0.073 0.018  0.9574
0.054 0.018 0.018 0.018 0.018 0.018 0.018 0.018 0.018 0.082 0.275 0.018 0.036 0.230 0.018 0.018 0.018 0.018 0.018 0.054 0.018  0.7930
0.036 0.063 0.065 0.055 0.018 0.042 0.027 0.099 0.036 0.082 0.054 0.018 0.033 0.027 0.018 0.042 0.139 0.018 0.063 0.048 0.018  0.9424
0.018 0.018 0.018 0.018 0.018 0.018 0.018 0.018 0.018 0.445 0.100 0.018 0.018 0.018 0.018 0.018 0.018 0.018 0.018 0.132 0.018  0.7083
0.036 0.049 0.066 0.024 0.052 0.027 0.054 0.067 0.036 0.118 0.027 0.038 0.027 0.072 0.018 0.054 0.099 0.027 0.040 0.052 0.018  0.9577
0.036 0.018 0.018 0.018 0.049 0.018 0.018 0.018 0.036 0.078 0.192 0.018 0.159 0.036 0.036 0.018 0.031 0.018 0.108 0.060 0.018  0.8778
0.056 0.054 0.054 0.018 0.032 0.018 0.018 0.036 0.018 0.126 0.063 0.018 0.018 0.033 0.018 0.038 0.018 0.018 0.209 0.121 0.018  0.8805
0.091 0.018 0.018 0.018 0.018 0.018 0.018 0.018 0.018 0.343 0.103 0.018 0.018 0.018 0.018 0.036 0.041 0.018 0.036 0.099 0.018  0.7975
0.018 0.018 0.156 0.275 0.036 0.018 0.036 0.018 0.018 0.018 0.018 0.018 0.018 0.018 0.018 0.174 0.054 0.018 0.018 0.018 0.018  0.7972
0.036 0.036 0.049 0.045 0.018 0.036 0.054 0.054 0.018 0.018 0.054 0.072 0.018 0.036 0.188 0.144 0.036 0.018 0.036 0.018 0.018  0.9073
0.045 0.018 0.055 0.113 0.018 0.036 0.135 0.021 0.018 0.018 0.018 0.027 0.018 0.018 0.018 0.028 0.021 0.018 0.018 0.018 0.323  0.8051
0.063 0.018 0.057 0.045 0.018 0.072 0.036 0.018 0.018 0.018 0.018 0.072 0.018 0.018 0.018 0.060 0.335 0.018 0.018 0.018 0.045  0.8262
0.018 0.018 0.018 0.022 0.018 0.027 0.018 0.547 0.018 0.018 0.049 0.018 0.036 0.018 0.027 0.018 0.018 0.018 0.018 0.018 0.040  0.6622
0.022 0.089 0.108 0.036 0.036 0.063 0.082 0.018 0.018 0.045 0.018 0.202 0.018 0.018 0.027 0.040 0.043 0.018 0.018 0.063 0.018  0.8984
0.042 0.018 0.018 0.018 0.018 0.018 0.018 0.018 0.018 0.314 0.018 0.036 0.036 0.018 0.045 0.018 0.048 0.018 0.018 0.229 0.018  0.7775
0.054 0.063 0.018 0.048 0.018 0.024 0.058 0.018 0.036 0.095 0.155 0.054 0.066 0.018 0.018 0.057 0.035 0.018 0.018 0.111 0.018  0.9209
0.018 0.018 0.018 0.091 0.018 0.018 0.532 0.036 0.018 0.018 0.018 0.018 0.018 0.036 0.018 0.018 0.018 0.018 0.018 0.018 0.018  0.6632
0.018 0.018 0.018 0.018 0.018 0.018 0.018 0.018 0.018 0.103 0.119 0.018 0.027 0.018 0.018 0.018 0.054 0.018 0.018 0.411 0.018  0.7427
0.036 0.063 0.032 0.077 0.018 0.027 0.149 0.049 0.036 0.040 0.025 0.042 0.018 0.018 0.018 0.138 0.054 0.018 0.067 0.057 0.018  0.9237
0.018 0.018 0.018 0.018 0.018 0.018 0.018 0.018 0.018 0.036 0.018 0.018 0.018 0.587 0.018 0.018 0.018 0.018 0.054 0.018 0.018  0.6199
0.072 0.078 0.064 0.051 0.018 0.060 0.101 0.054 0.030 0.063 0.063 0.030 0.027 0.036 0.018 0.048 0.082 0.018 0.036 0.036 0.018  0.9602
0.036 0.018 0.018 0.018 0.018 0.018 0.018 0.018 0.018 0.099 0.084 0.018 0.049 0.377 0.018 0.018 0.033 0.018 0.036 0.036 0.036  0.7906
0.040 0.072 0.036 0.090 0.018 0.018 0.045 0.018 0.055 0.024 0.035 0.054 0.021 0.081 0.047 0.102 0.077 0.036 0.029 0.067 0.036  0.9574
0.094 0.029 0.113 0.058 0.018 0.018 0.042 0.020 0.018 0.036 0.036 0.064 0.018 0.018 0.054 0.102 0.117 0.018 0.036 0.036 0.054  0.9317
0.027 0.020 0.170 0.085 0.018 0.020 0.018 0.054 0.038 0.030 0.054 0.036 0.018 0.132 0.018 0.031 0.050 0.018 0.018 0.092 0.054  0.9074
0.018 0.021 0.048 0.035 0.018 0.018 0.045 0.089 0.018 0.018 0.018 0.018 0.018 0.018 0.166 0.173 0.083 0.018 0.018 0.036 0.108  0.8732
0.054 0.018 0.018 0.018 0.036 0.036 0.036 0.036 0.036 0.094 0.036 0.036 0.036 0.022 0.214 0.039 0.021 0.018 0.018 0.072 0.108  0.9020
0.036 0.018 0.018 0.018 0.018 0.018 0.018 0.018 0.018 0.018 0.155 0.054 0.054 0.157 0.018 0.018 0.018 0.036 0.186 0.018 0.090  0.8538
0.282 0.018 0.054 0.018 0.018 0.036 0.036 0.027 0.018 0.018 0.058 0.018 0.036 0.018 0.018 0.054 0.110 0.018 0.054 0.020 0.072  0.8571
0.039 0.066 0.036 0.018 0.018 0.080 0.018 0.018 0.018 0.018 0.022 0.105 0.018 0.027 0.036 0.054 0.284 0.018 0.036 0.018 0.054  0.8559
0.036 0.018 0.018 0.018 0.018 0.018 0.036 0.018 0.018 0.365 0.072 0.018 0.018 0.054 0.018 0.018 0.018 0.018 0.018 0.132 0.054  0.7842
0.036 0.018 0.036 0.054 0.018 0.018 0.036 0.018 0.018 0.018 0.036 0.018 0.018 0.018 0.480 0.054 0.018 0.018 0.018 0.018 0.036  0.7231
0.054 0.018 0.018 0.018 0.018 0.018 0.018 0.036 0.018 0.121 0.072 0.018 0.018 0.018 0.219 0.018 0.018 0.018 0.018 0.211 0.036  0.8250
0.058 0.018 0.018 0.090 0.018 0.072 0.072 0.018 0.030 0.018 0.036 0.018 0.036 0.018 0.036 0.278 0.054 0.018 0.024 0.018 0.054  0.8643
0.018 0.090 0.018 0.036 0.018 0.018 0.072 0.018 0.018 0.025 0.018 0.094 0.018 0.018 0.018 0.018 0.092 0.018 0.036 0.278 0.063  0.8450
0.018 0.018 0.018 0.018 0.018 0.018 0.018 0.018 0.018 0.036 0.161 0.018 0.018 0.164 0.018 0.018 0.018 0.018 0.289 0.018 0.063  0.7873
0.076 0.245 0.018 0.018 0.018 0.036 0.126 0.018 0.042 0.054 0.018 0.036 0.018 0.054 0.018 0.036 0.018 0.018 0.072 0.018 0.045  0.8724
0.036 0.038 0.048 0.018 0.018 0.123 0.168 0.018 0.018 0.036 0.058 0.179 0.036 0.018 0.018 0.018 0.036 0.018 0.036 0.018 0.045  0.8825
0.018 0.018 0.018 0.018 0.018 0.018 0.018 0.018 0.018 0.359 0.210 0.018 0.063 0.036 0.018 0.018 0.018 0.018 0.018 0.018 0.045  0.7496
0.018 0.036 0.018 0.018 0.018 0.018 0.578 0.018 0.018 0.018 0.018 0.018 0.018 0.018 0.018 0.018 0.036 0.018 0.018 0.018 0.045  0.6309
0.036 0.036 0.036 0.054 0.018 0.108 0.036 0.018 0.018 0.048 0.086 0.076 0.018 0.018 0.018 0.018 0.175 0.018 0.018 0.103 0.045  0.9051
0.036 0.036 0.112 0.027 0.018 0.040 0.213 0.048 0.018 0.018 0.018 0.175 0.018 0.018 0.018 0.018 0.036 0.018 0.036 0.036 0.045  0.8660
0.018 0.018 0.018 0.018 0.018 0.018 0.036 0.018 0.018 0.221 0.339 0.018 0.018 0.036 0.018 0.018 0.018 0.018 0.036 0.036 0.045  0.7644
0.018 0.036 0.018 0.018 0.018 0.018 0.018 0.018 0.018 0.047 0.063 0.498 0.036 0.018 0.018 0.018 0.018 0.018 0.018 0.025 0.045  0.7042
0.018 0.072 0.063 0.033 0.018 0.079 0.100 0.018 0.018 0.018 0.018 0.241 0.018 0.018 0.018 0.063 0.036 0.018 0.018 0.018 0.099  0.8658
0.018 0.036 0.122 0.039 0.018 0.090 0.056 0.054 0.036 0.024 0.045 0.100 0.036 0.018 0.018 0.033 0.090 0.018 0.076 0.030 0.045  0.9409
0.036 0.018 0.018 0.018 0.036 0.018 0.018 0.018 0.018 0.229 0.136 0.018 0.018 0.018 0.018 0.036 0.018 0.018 0.036 0.190 0.069  0.8288
0.018 0.085 0.018 0.018 0.036 0.024 0.018 0.018 0.084 0.018 0.018 0.196 0.018 0.018 0.018 0.084 0.036 0.136 0.018 0.036 0.087  0.8765
0.036 0.018 0.018 0.018 0.018 0.018 0.018 0.018 0.018 0.034 0.112 0.018 0.018 0.313 0.018 0.018 0.018 0.072 0.095 0.018 0.087  0.8140
0.036 0.042 0.063 0.045 0.018 0.018 0.052 0.018 0.018 0.048 0.018 0.084 0.036 0.022 0.036 0.054 0.182 0.018 0.018 0.089 0.087  0.9181
0.034 0.018 0.018 0.036 0.018 0.018 0.018 0.018 0.018 0.072 0.077 0.018 0.036 0.072 0.274 0.018 0.044 0.018 0.036 0.054 0.087  0.8644
0.024 0.018 0.121 0.045 0.018 0.018 0.018 0.030 0.018 0.033 0.018 0.036 0.018 0.018 0.072 0.120 0.218 0.018 0.018 0.018 0.105  0.8623
0.084 0.036 0.027 0.072 0.018 0.027 0.181 0.027 0.018 0.024 0.036 0.084 0.018 0.018 0.103 0.022 0.048 0.018 0.018 0.018 0.105  0.8998
0.048 0.045 0.054 0.088 0.018 0.045 0.100 0.036 0.036 0.018 0.045 0.036 0.018 0.072 0.018 0.018 0.036 0.018 0.070 0.073 0.109  0.9472
0.106 0.018 0.036 0.090 0.018 0.018 0.018 0.305 0.018 0.018 0.072 0.018 0.022 0.018 0.018 0.018 0.018 0.018 0.018 0.018 0.118  0.8119
0.054 0.152 0.018 0.018 0.036 0.027 0.022 0.018 0.018 0.018 0.018 0.322 0.018 0.018 0.018 0.036 0.018 0.018 0.018 0.018 0.118  0.7941
0.018 0.074 0.027 0.036 0.018 0.036 0.025 0.072 0.018 0.018 0.018 0.257 0.050 0.018 0.036 0.054 0.054 0.018 0.018 0.018 0.118  0.8687
0.018 0.036 0.018 0.036 0.018 0.018 0.018 0.018 0.018 0.090 0.256 0.018 0.043 0.088 0.018 0.036 0.018 0.018 0.040 0.060 0.118  0.8593
0.018 0.033 0.349 0.054 0.018 0.036 0.018 0.018 0.018 0.018 0.018 0.113 0.018 0.018 0.018 0.028 0.036 0.018 0.018 0.018 0.118  0.7927
0.018 0.018 0.054 0.036 0.018 0.018 0.018 0.018 0.048 0.018 0.018 0.018 0.018 0.180 0.018 0.018 0.018 0.018 0.295 0.018 0.118  0.7965
0.018 0.018 0.027 0.018 0.018 0.018 0.018 0.018 0.018 0.302 0.137 0.018 0.070 0.018 0.018 0.018 0.018 0.018 0.018 0.058 0.136  0.8003
0.018 0.054 0.018 0.018 0.018 0.036 0.018 0.018 0.070 0.039 0.066 0.066 0.063 0.104 0.054 0.054 0.031 0.018 0.047 0.048 0.142  0.9374
0.043 0.100 0.018 0.018 0.031 0.036 0.018 0.018 0.018 0.018 0.117 0.018 0.036 0.108 0.018 0.018 0.018 0.018 0.087 0.036 0.209  0.8725
0.024 0.018 0.018 0.018 0.018 0.018 0.018 0.084 0.027 0.060 0.027 0.018 0.039 0.054 0.018 0.066 0.022 0.089 0.042 0.072 0.252  0.8764
0.018 0.018 0.031 0.018 0.018 0.024 0.018 0.018 0.018 0.030 0.033 0.027 0.036 0.036 0.018 0.018 0.018 0.262 0.018 0.036 0.288  0.7796
0.107 0.058 0.042 0.039 0.018 0.018 0.018 0.018 0.031 0.018 0.027 0.018 0.060 0.018 0.040 0.057 0.045 0.018 0.018 0.018 0.315  0.8387
0.018 0.018 0.018 0.018 0.018 0.121 0.018 0.018 0.087 0.075 0.031 0.018 0.018 0.018 0.018 0.018 0.018 0.018 0.054 0.057 0.324  0.8098
0.018 0.030 0.018 0.054 0.018 0.018 0.121 0.018 0.036 0.018 0.018 0.051 0.018 0.018 0.018 0.042 0.036 0.018 0.018 0.031 0.384  0.7827
0.018 0.018 0.018 0.018 0.018 0.018 0.018 0.018 0.018 0.040 0.054 0.018 0.018 0.030 0.125 0.018 0.018 0.018 0.018 0.087 0.396  0.7592
0.042 0.036 0.036 0.018 0.018 0.036 0.034 0.052 0.018 0.018 0.018 0.126 0.018 0.018 0.018 0.018 0.018 0.018 0.018 0.018 0.405  0.7638
0.034 0.018 0.018 0.027 0.018 0.018 0.018 0.036 0.018 0.018 0.018 0.018 0.018 0.018 0.018 0.027 0.036 0.018 0.018 0.054 0.535  0.6733
0.018 0.018 0.018 0.018 0.018 0.018 0.018 0.018 0.018 0.022 0.018 0.036 0.018 0.018 0.018 0.018 0.048 0.018 0.018 0.018 0.589  0.6199
0.018 0.018 0.018 0.018 0.018 0.018 0.018 0.018 0.018 0.036 0.052 0.018 0.018 0.018 0.018 0.018 0.018 0.018 0.018 0.018 0.589  0.6185
0.018 0.018 0.018 0.018 0.018 0.018 0.018 0.018 0.018 0.018 0.022 0.036 0.018 0.018 0.036 0.018 0.018 0.018 0.018 0.018 0.601  0.6097
0.018 0.018 0.018 0.018 0.018 0.018 0.018 0.018 0.018 0.018 0.018 0.018 0.018 0.018 0.058 0.018 0.018 0.018 0.018 0.018 0.601  0.6051
0.018 0.018 0.018 0.018 0.018 0.018 0.018 0.018 0.018 0.018 0.054 0.018 0.018 0.018 0.018 0.018 0.018 0.018 0.018 0.018 0.605  0.6016
0.018 0.018 0.024 0.018 0.018 0.018 0.018 0.018 0.018 0.018 0.018 0.018 0.018 0.018 0.030 0.018 0.036 0.018 0.018 0.018 0.605  0.6056
0.018 0.018 0.018 0.018 0.018 0.018 0.018 0.018 0.018 0.018 0.018 0.018 0.018 0.018 0.054 0.018 0.018 0.018 0.018 0.018 0.605  0.6016
0.018 0.018 0.018 0.018 0.018 0.018 0.018 0.036 0.018 0.018 0.018 0.018 0.018 0.018 0.036 0.018 0.018 0.018 0.018 0.018 0.605  0.6047
0.018 0.018 0.018 0.018 0.018 0.018 0.018 0.054 0.018 0.018 0.018 0.018 0.018 0.018 0.018 0.018 0.018 0.018 0.018 0.018 0.605  0.6016
0.018 0.018 0.018 0.018 0.018 0.036 0.018 0.018 0.018 0.018 0.018 0.018 0.018 0.018 0.024 0.030 0.018 0.018 0.018 0.018 0.605  0.6056
0.018 0.018 0.018 0.018 0.018 0.018 0.018 0.018 0.018 0.018 0.036 0.018 0.018 0.018 0.018 0.018 0.018 0.018 0.018 0.036 0.605  0.6047
0.018 0.018 0.018 0.036 0.018 0.018 0.018 0.018 0.018 0.018 0.018 0.018 0.036 0.018 0.018 0.018 0.018 0.018 0.018 0.018 0.605  0.6047
