204
64
29.696429
0.0346 0.0279 0.0464 0.0360 0.0095 0.0263 0.0565 0.0349 0.0085 0.0609 0.0561 0.0685 0.0171 0.0437 0.0294 0.0435 0.0580 0.0082 0.0461 0.0506 0.2370
0.020 0.020 0.020 0.020 0.020 0.020 0.020 0.020 0.020 0.020 0.020 0.020 0.289 0.020 0.020 0.020 0.020 0.020 0.020 0.020 0.336  0.7215
0.020 0.020 0.020 0.020 0.020 0.020 0.020 0.020 0.020 0.020 0.020 0.289 0.020 0.020 0.020 0.020 0.020 0.020 0.020 0.020 0.336  0.7215
0.030 0.079 0.020 0.020 0.020 0.020 0.020 0.020 0.020 0.030 0.020 0.113 0.020 0.020 0.020 0.020 0.097 0.020 0.020 0.020 0.356  0.7919
0.020 0.020 0.020 0.020 0.020 0.020 0.020 0.020 0.020 0.122 0.068 0.026 0.039 0.022 0.020 0.020 0.076 0.020 0.020 0.054 0.336  0.8124
0.046 0.020 0.020 0.020 0.020 0.020 0.020 0.020 0.020 0.106 0.108 0.020 0.026 0.060 0.020 0.022 0.020 0.020 0.020 0.026 0.349  0.8010
0.020 0.020 0.020 0.020 0.020 0.020 0.020 0.020 0.020 0.094 0.092 0.020 0.020 0.039 0.020 0.049 0.058 0.020 0.020 0.048 0.342  0.8151
0.020 0.020 0.020 0.020 0.020 0.020 0.020 0.020 0.020 0.132 0.034 0.020 0.020 0.096 0.020 0.039 0.032 0.020 0.020 0.020 0.371  0.7797
0.020 0.020 0.020 0.020 0.020 0.020 0.020 0.020 0.020 0.073 0.141 0.020 0.020 0.039 0.020 0.025 0.055 0.020 0.020 0.039 0.352  0.7963
0.020 0.020 0.020 0.020 0.030 0.020 0.020 0.042 0.020 0.084 0.072 0.020 0.026 0.089 0.020 0.078 0.020 0.020 0.020 0.020 0.323  0.8262
0.030 0.020 0.020 0.020 0.020 0.020 0.020 0.020 0.020 0.060 0.194 0.020 0.026 0.022 0.020 0.020 0.020 0.020 0.020 0.078 0.313  0.7944
0.023 0.020 0.020 0.020 0.020 0.020 0.020 0.020 0.020 0.046 0.064 0.020 0.020 0.089 0.020 0.120 0.049 0.020 0.020 0.039 0.313  0.8275
0.020 0.020 0.020 0.020 0.020 0.020 0.020 0.059 0.020 0.045 0.140 0.020 0.046 0.059 0.020 0.039 0.020 0.020 0.022 0.039 0.313  0.8286
0.020 0.020 0.032 0.020 0.064 0.020 0.020 0.020 0.020 0.076 0.132 0.020 0.020 0.020 0.020 0.036 0.020 0.020 0.039 0.039 0.326  0.8193
0.105 0.020 0.020 0.020 0.039 0.020 0.020 0.046 0.020 0.084 0.022 0.020 0.039 0.030 0.020 0.079 0.030 0.020 0.020 0.020 0.309  0.8371
0.020 0.020 0.020 0.020 0.049 0.020 0.020 0.020 0.020 0.047 0.080 0.020 0.020 0.053 0.020 0.039 0.049 0.020 0.042 0.095 0.309  0.8450
0.022 0.020 0.042 0.046 0.020 0.066 0.039 0.046 0.020 0.020 0.022 0.020 0.036 0.048 0.059 0.049 0.039 0.020 0.049 0.020 0.297  0.8710
0.090 0.020 0.020 0.020 0.099 0.020 0.020 0.026 0.020 0.039 0.053 0.020 0.020 0.020 0.020 0.030 0.044 0.020 0.025 0.067 0.310  0.8391
0.039 0.039 0.020 0.020 0.020 0.020 0.020 0.020 0.020 0.078 0.022 0.066 0.020 0.046 0.020 0.104 0.023 0.020 0.022 0.053 0.309  0.8409
0.249 0.020 0.020 0.020 0.020 0.020 0.020 0.020 0.039 0.020 0.022 0.020 0.022 0.020 0.020 0.059 0.023 0.020 0.020 0.020 0.309  0.7698
0.020 0.030 0.020 0.020 0.020 0.211 0.020 0.020 0.030 0.020 0.020 0.020 0.020 0.020 0.020 0.020 0.020 0.020 0.032 0.020 0.382  0.7401
0.020 0.020 0.020 0.039 0.020 0.020 0.020 0.020 0.020 0.020 0.020 0.020 0.020 0.020 0.020 0.020 0.039 0.020 0.020 0.020 0.566  0.6474
0.020 0.020 0.020 0.020 0.020 0.020 0.020 0.020 0.020 0.020 0.020 0.039 0.020 0.020 0.020 0.020 0.020 0.020 0.020 0.020 0.586  0.6281
0.020 0.020 0.020 0.020 0.020 0.020 0.020 0.020 0.020 0.020 0.020 0.020 0.020 0.020 0.039 0.020 0.020 0.020 0.020 0.020 0.586  0.6281
0.020 0.020 0.020 0.020 0.020 0.020 0.020 0.020 0.020 0.039 0.020 0.020 0.020 0.020 0.020 0.020 0.020 0.020 0.020 0.020 0.586  0.6281
0.020 0.039 0.020 0.020 0.020 0.020 0.020 0.020 0.020 0.020 0.020 0.020 0.020 0.020 0.020 0.020 0.020 0.020 0.020 0.020 0.586  0.6281
0.020 0.020 0.020 0.020 0.020 0.020 0.020 0.020 0.020 0.020 0.020 0.020 0.020 0.020 0.020 0.020 0.039 0.020 0.020 0.020 0.586  0.6281
0.020 0.020 0.020 0.020 0.020 0.020 0.049 0.020 0.020 0.020 0.020 0.020 0.020 0.020 0.020 0.020 0.020 0.020 0.020 0.020 0.576  0.6364
0.020 0.020 0.020 0.020 0.020 0.020 0.039 0.020 0.020 0.020 0.020 0.020 0.020 0.020 0.020 0.030 0.020 0.020 0.020 0.020 0.576  0.6383
0.032 0.020 0.020 0.020 0.020 0.020 0.020 0.020 0.020 0.053 0.089 0.020 0.042 0.020 0.020 0.039 0.030 0.020 0.020 0.046 0.413  0.7750
0.020 0.020 0.020 0.020 0.020 0.020 0.020 0.020 0.031 0.030 0.081 0.020 0.020 0.036 0.020 0.031 0.059 0.020 0.046 0.039 0.410  0.7799
0.158 0.020 0.020 0.020 0.020 0.020 0.033 0.059 0.020 0.020 0.020 0.020 0.020 0.020 0.020 0.039 0.020 0.026 0.020 0.020 0.388  0.7632
0.020 0.020 0.020 0.020 0.020 0.285 0.026 0.033 0.020 0.020 0.020 0.020 0.020 0.020 0.020 0.020 0.025 0.020 0.020 0.020 0.316  0.7423
0.020 0.020 0.020 0.020 0.020 0.039 0.020 0.020 0.039 0.020 0.020 0.020 0.020 0.020 0.033 0.020 0.237 0.020 0.020 0.039 0.316  0.7757
0.020 0.020 0.229 0.046 0.020 0.020 0.046 0.020 0.020 0.026 0.020 0.043 0.020 0.039 0.039 0.062 0.039 0.020 0.031 0.053 0.168  0.8759
0.020 0.020 0.039 0.039 0.020 0.020 0.020 0.020 0.020 0.039 0.069 0.020 0.020 0.049 0.020 0.020 0.020 0.039 0.300 0.020 0.168  0.8245
0.020 0.020 0.020 0.020 0.020 0.020 0.020 0.020 0.020 0.020 0.020 0.020 0.020 0.039 0.020 0.020 0.020 0.020 0.448 0.020 0.158  0.7136
0.043 0.039 0.049 0.079 0.020 0.039 0.039 0.020 0.046 0.020 0.020 0.072 0.020 0.020 0.039 0.053 0.145 0.020 0.020 0.039 0.158  0.9194
0.020 0.020 0.046 0.053 0.020 0.033 0.074 0.039 0.020 0.025 0.020 0.059 0.020 0.020 0.069 0.030 0.124 0.020 0.039 0.044 0.207  0.9021
0.020 0.059 0.044 0.036 0.020 0.020 0.039 0.138 0.020 0.020 0.020 0.039 0.020 0.020 0.039 0.042 0.246 0.020 0.020 0.020 0.099  0.8671
0.053 0.030 0.020 0.079 0.020 0.052 0.059 0.039 0.020 0.039 0.020 0.209 0.020 0.020 0.059 0.020 0.092 0.020 0.020 0.033 0.079  0.9061
0.020 0.079 0.020 0.039 0.020 0.026 0.026 0.020 0.039 0.095 0.020 0.020 0.020 0.020 0.022 0.046 0.310 0.020 0.020 0.039 0.079  0.8417
0.020 0.020 0.020 0.020 0.020 0.020 0.020 0.020 0.020 0.059 0.042 0.020 0.020 0.327 0.020 0.020 0.039 0.020 0.020 0.158 0.079  0.8036
0.020 0.039 0.092 0.026 0.033 0.035 0.033 0.020 0.121 0.020 0.020 0.134 0.020 0.020 0.020 0.039 0.117 0.020 0.064 0.030 0.079  0.9157
0.099 0.020 0.020 0.020 0.020 0.026 0.222 0.141 0.020 0.059 0.039 0.020 0.020 0.020 0.020 0.059 0.039 0.020 0.020 0.059 0.039  0.8767
0.020 0.020 0.231 0.151 0.020 0.052 0.039 0.046 0.020 0.020 0.020 0.123 0.020 0.020 0.022 0.039 0.020 0.020 0.020 0.039 0.039  0.8616
0.020 0.039 0.118 0.053 0.020 0.020 0.022 0.343 0.020 0.020 0.020 0.039 0.020 0.020 0.020 0.049 0.059 0.020 0.020 0.020 0.039  0.8167
0.059 0.039 0.039 0.020 0.020 0.039 0.059 0.020 0.020 0.118 0.020 0.039 0.039 0.020 0.020 0.020 0.059 0.020 0.250 0.020 0.059  0.8805
0.020 0.020 0.059 0.020 0.020 0.020 0.020 0.020 0.020 0.044 0.039 0.020 0.020 0.020 0.020 0.132 0.345 0.020 0.020 0.046 0.059  0.8077
0.020 0.020 0.020 0.020 0.020 0.020 0.020 0.020 0.020 0.020 0.020 0.020 0.020 0.059 0.020 0.020 0.020 0.039 0.527 0.020 0.039  0.6821
0.020 0.059 0.039 0.033 0.039 0.241 0.059 0.020 0.049 0.039 0.039 0.059 0.020 0.020 0.020 0.020 0.046 0.020 0.039 0.079 0.039  0.9048
0.059 0.039 0.020 0.020 0.349 0.020 0.020 0.039 0.020 0.025 0.020 0.020 0.020 0.020 0.020 0.020 0.020 0.020 0.020 0.173 0.039  0.7870
0.026 0.039 0.020 0.270 0.020 0.020 0.049 0.020 0.039 0.039 0.020 0.092 0.039 0.020 0.020 0.092 0.066 0.020 0.020 0.030 0.039  0.8719
0.039 0.020 0.020 0.020 0.020 0.039 0.039 0.020 0.025 0.062 0.059 0.079 0.020 0.053 0.039 0.039 0.046 0.020 0.035 0.267 0.039  0.8882
0.036 0.064 0.072 0.086 0.039 0.054 0.074 0.039 0.020 0.099 0.052 0.020 0.020 0.039 0.023 0.071 0.039 0.020 0.049 0.025 0.059  0.9619
0.049 0.020 0.022 0.079 0.020 0.059 0.026 0.039 0.020 0.020 0.020 0.074 0.020 0.020 0.020 0.020 0.044 0.020 0.020 0.020 0.370  0.8053
0.062 0.020 0.053 0.020 0.020 0.030 0.075 0.118 0.020 0.033 0.030 0.042 0.020 0.020 0.034 0.022 0.066 0.020 0.056 0.023 0.221  0.8956
0.069 0.039 0.020 0.020 0.020 0.020 0.046 0.171 0.026 0.020 0.039 0.072 0.039 0.026 0.043 0.225 0.020 0.020 0.025 0.020 0.020  0.8710
0.020 0.079 0.088 0.044 0.020 0.039 0.039 0.137 0.020 0.033 0.064 0.099 0.049 0.046 0.020 0.064 0.020 0.020 0.020 0.039 0.039  0.9398
0.046 0.046 0.022 0.031 0.020 0.020 0.025 0.038 0.039 0.099 0.067 0.022 0.033 0.110 0.020 0.039 0.113 0.039 0.039 0.033 0.099  0.9426
0.020 0.020 0.020 0.039 0.020 0.020 0.020 0.020 0.020 0.184 0.085 0.039 0.026 0.066 0.020 0.020 0.039 0.020 0.039 0.244 0.020  0.8474
0.023 0.134 0.064 0.020 0.044 0.049 0.039 0.039 0.026 0.046 0.039 0.081 0.020 0.020 0.020 0.082 0.135 0.020 0.059 0.020 0.020  0.9281
0.020 0.020 0.020 0.020 0.020 0.020 0.020 0.020 0.020 0.079 0.408 0.020 0.039 0.039 0.020 0.020 0.020 0.020 0.039 0.099 0.020  0.7682
0.069 0.059 0.066 0.020 0.020 0.059 0.020 0.059 0.020 0.020 0.020 0.039 0.039 0.020 0.020 0.069 0.026 0.020 0.296 0.020 0.020  0.8583
0.020 0.020 0.570 0.020 0.020 0.020 0.020 0.020 0.020 0.020 0.020 0.033 0.020 0.020 0.020 0.042 0.020 0.020 0.020 0.020 0.020  0.6436
0.076 0.020 0.022 0.020 0.020 0.039 0.020 0.020 0.020 0.115 0.059 0.256 0.020 0.020 0.020 0.084 0.039 0.020 0.020 0.053 0.039  0.8678
0.053 0.039 0.163 0.039 0.044 0.039 0.153 0.033 0.020 0.020 0.022 0.062 0.020 0.020 0.020 0.123 0.052 0.020 0.020 0.020 0.020  0.8983
0.020 0.020 0.518 0.033 0.039 0.039 0.020 0.039 0.020 0.020 0.020 0.020 0.020 0.020 0.020 0.035 0.020 0.020 0.020 0.020 0.020  0.6941
0.026 0.029 0.033 0.020 0.020 0.038 0.039 0.020 0.039 0.039 0.020 0.352 0.020 0.020 0.059 0.026 0.082 0.020 0.020 0.059 0.020  0.8264
0.020 0.059 0.020 0.059 0.020 0.020 0.020 0.020 0.059 0.020 0.208 0.020 0.020 0.128 0.020 0.020 0.020 0.091 0.118 0.020 0.020  0.8696
0.039 0.020 0.029 0.079 0.020 0.020 0.039 0.039 0.020 0.121 0.033 0.079 0.020 0.020 0.059 0.020 0.202 0.020 0.039 0.062 0.020  0.9008
0.020 0.020 0.137 0.020 0.020 0.020 0.039 0.059 0.053 0.030 0.020 0.062 0.020 0.082 0.020 0.059 0.039 0.020 0.203 0.020 0.039  0.8949
0.090 0.020 0.020 0.039 0.020 0.044 0.081 0.039 0.020 0.037 0.039 0.107 0.020 0.020 0.030 0.059 0.085 0.020 0.020 0.152 0.039  0.9248
0.020 0.053 0.042 0.100 0.020 0.054 0.089 0.039 0.025 0.026 0.039 0.126 0.030 0.030 0.062 0.059 0.056 0.020 0.031 0.039 0.039  0.9530
0.039 0.039 0.039 0.020 0.020 0.161 0.039 0.020 0.020 0.059 0.020 0.020 0.054 0.059 0.071 0.045 0.039 0.077 0.020 0.039 0.099  0.9351
0.030 0.039 0.020 0.020 0.020 0.079 0.020 0.020 0.020 0.138 0.031 0.039 0.108 0.020 0.020 0.062 0.069 0.020 0.020 0.147 0.059  0.9077
0.020 0.039 0.079 0.079 0.020 0.020 0.020 0.020 0.020 0.059 0.039 0.039 0.039 0.064 0.020 0.039 0.020 0.020 0.265 0.020 0.059  0.8788
0.020 0.033 0.039 0.020 0.039 0.020 0.020 0.020 0.020 0.022 0.085 0.251 0.039 0.059 0.066 0.020 0.030 0.020 0.059 0.039 0.079  0.8874
0.072 0.059 0.065 0.238 0.020 0.020 0.099 0.046 0.020 0.020 0.020 0.020 0.020 0.020 0.039 0.056 0.049 0.020 0.020 0.020 0.059  0.8878
0.020 0.039 0.039 0.079 0.020 0.020 0.039 0.158 0.020 0.049 0.020 0.039 0.020 0.020 0.020 0.044 0.236 0.020 0.020 0.039 0.039  0.8732
0.020 0.020 0.063 0.022 0.020 0.020 0.026 0.287 0.020 0.020 0.020 0.030 0.020 0.020 0.020 0.039 0.020 0.020 0.020 0.039 0.237  0.7949
0.049 0.046 0.020 0.030 0.020 0.026 0.075 0.020 0.020 0.025 0.020 0.248 0.039 0.020 0.020 0.085 0.118 0.020 0.020 0.022 0.059  0.8734
0.053 0.059 0.045 0.020 0.020 0.054 0.127 0.020 0.033 0.053 0.020 0.043 0.030 0.020 0.148 0.068 0.052 0.020 0.020 0.059 0.039  0.9340
0.020 0.039 0.020 0.020 0.020 0.039 0.020 0.020 0.020 0.148 0.026 0.020 0.039 0.073 0.038 0.020 0.059 0.020 0.123 0.178 0.039  0.8901
0.026 0.046 0.020 0.039 0.020 0.020 0.153 0.020 0.020 0.067 0.020 0.051 0.030 0.039 0.120 0.043 0.099 0.020 0.059 0.050 0.039  0.9266
0.054 0.039 0.020 0.039 0.079 0.040 0.046 0.059 0.043 0.081 0.020 0.020 0.077 0.066 0.118 0.046 0.020 0.020 0.020 0.054 0.039  0.9559
0.059 0.039 0.020 0.082 0.020 0.020 0.059 0.039 0.020 0.020 0.031 0.094 0.039 0.039 0.062 0.064 0.106 0.020 0.092 0.035 0.039  0.9509
0.062 0.020 0.020 0.129 0.020 0.020 0.142 0.084 0.026 0.020 0.020 0.026 0.020 0.030 0.074 0.039 0.020 0.069 0.069 0.053 0.039  0.9222
0.054 0.074 0.081 0.112 0.020 0.020 0.080 0.079 0.020 0.025 0.039 0.020 0.079 0.020 0.030 0.026 0.059 0.020 0.020 0.049 0.076  0.9433
0.020 0.039 0.061 0.020 0.020 0.020 0.069 0.129 0.020 0.038 0.020 0.049 0.032 0.039 0.020 0.053 0.074 0.020 0.062 0.039 0.158  0.9243
0.030 0.039 0.090 0.088 0.020 0.030 0.085 0.035 0.020 0.023 0.020 0.036 0.020 0.044 0.106 0.020 0.039 0.020 0.039 0.020 0.178  0.9126
0.020 0.039 0.044 0.107 0.020 0.030 0.058 0.025 0.039 0.078 0.098 0.027 0.020 0.046 0.059 0.020 0.020 0.020 0.072 0.059 0.099  0.9453
0.030 0.020 0.030 0.054 0.020 0.020 0.025 0.059 0.020 0.059 0.191 0.020 0.020 0.075 0.020 0.039 0.039 0.020 0.030 0.104 0.108  0.9050
0.049 0.020 0.089 0.030 0.020 0.023 0.195 0.039 0.020 0.031 0.020 0.058 0.020 0.020 0.020 0.099 0.022 0.020 0.020 0.108 0.079  0.8951
0.020 0.101 0.050 0.095 0.020 0.020 0.104 0.020 0.025 0.054 0.020 0.039 0.020 0.039 0.020 0.070 0.039 0.020 0.082 0.054 0.089  0.9380
0.076 0.020 0.039 0.152 0.020 0.039 0.108 0.039 0.020 0.046 0.026 0.044 0.020 0.020 0.079 0.020 0.030 0.020 0.042 0.051 0.089  0.9289
0.071 0.026 0.089 0.072 0.020 0.020 0.054 0.020 0.020 0.039 0.020 0.085 0.039 0.025 0.039 0.097 0.093 0.020 0.020 0.022 0.108  0.9346
0.020 0.020 0.020 0.020 0.020 0.039 0.020 0.020 0.020 0.026 0.039 0.020 0.020 0.146 0.020 0.033 0.099 0.144 0.099 0.020 0.138  0.8811
0.039 0.020 0.057 0.092 0.020 0.020 0.066 0.020 0.020 0.042 0.059 0.039 0.039 0.020 0.020 0.039 0.183 0.020 0.020 0.020 0.146  0.8993
0.039 0.106 0.026 0.079 0.020 0.020 0.053 0.020 0.020 0.059 0.054 0.133 0.039 0.049 0.046 0.067 0.026 0.044 0.039 0.020 0.039  0.9478
0.023 0.051 0.062 0.020 0.020 0.036 0.095 0.079 0.035 0.020 0.039 0.081 0.020 0.020 0.105 0.152 0.020 0.026 0.033 0.025 0.039  0.9254
0.039 0.020 0.020 0.059 0.039 0.094 0.062 0.020 0.039 0.099 0.039 0.199 0.020 0.020 0.039 0.033 0.039 0.020 0.039 0.020 0.039  0.9154
0.053 0.047 0.020 0.020 0.184 0.020 0.026 0.020 0.020 0.079 0.076 0.039 0.039 0.085 0.030 0.039 0.020 0.020 0.027 0.099 0.039  0.9172
0.020 0.046 0.020 0.054 0.020 0.039 0.059 0.039 0.020 0.020 0.076 0.115 0.059 0.106 0.020 0.020 0.039 0.020 0.130 0.059 0.020  0.9289
0.039 0.099 0.020 0.036 0.025 0.054 0.102 0.020 0.020 0.020 0.020 0.115 0.039 0.039 0.020 0.195 0.020 0.020 0.020 0.059 0.020  0.8941
0.138 0.020 0.020 0.020 0.020 0.020 0.020 0.020 0.039 0.300 0.039 0.020 0.020 0.020 0.020 0.020 0.039 0.020 0.039 0.128 0.020  0.8186
0.020 0.020 0.020 0.020 0.020 0.020 0.020 0.020 0.020 0.104 0.171 0.020 0.020 0.184 0.020 0.020 0.020 0.020 0.020 0.205 0.020  0.8181
0.020 0.046 0.270 0.039 0.020 0.059 0.039 0.020 0.020 0.020 0.059 0.151 0.020 0.020 0.020 0.020 0.039 0.020 0.020 0.020 0.059  0.8523
0.029 0.020 0.155 0.057 0.020 0.033 0.192 0.056 0.020 0.020 0.020 0.085 0.020 0.020 0.079 0.038 0.020 0.020 0.020 0.020 0.059  0.8863
0.303 0.020 0.020 0.020 0.020 0.020 0.020 0.039 0.020 0.049 0.049 0.020 0.020 0.030 0.020 0.056 0.118 0.020 0.039 0.059 0.039  0.8469
0.020 0.020 0.020 0.020 0.020 0.020 0.020 0.020 0.020 0.039 0.113 0.020 0.020 0.433 0.020 0.020 0.020 0.020 0.039 0.039 0.039  0.7492
0.030 0.020 0.020 0.020 0.020 0.020 0.020 0.027 0.020 0.022 0.039 0.020 0.020 0.020 0.059 0.283 0.243 0.020 0.020 0.020 0.039  0.7938
0.071 0.039 0.035 0.050 0.020 0.069 0.049 0.039 0.020 0.039 0.039 0.178 0.020 0.020 0.105 0.067 0.047 0.020 0.020 0.033 0.020  0.9266
0.104 0.020 0.039 0.046 0.020 0.059 0.304 0.020 0.020 0.039 0.020 0.020 0.020 0.020 0.020 0.040 0.053 0.020 0.020 0.020 0.079  0.8455
0.020 0.059 0.039 0.039 0.020 0.059 0.349 0.020 0.020 0.039 0.020 0.059 0.039 0.022 0.020 0.020 0.039 0.020 0.037 0.020 0.039  0.8336
0.039 0.114 0.020 0.020 0.020 0.049 0.020 0.020 0.020 0.041 0.089 0.228 0.064 0.033 0.020 0.020 0.039 0.020 0.066 0.020 0.039  0.8881
0.059 0.054 0.039 0.079 0.020 0.134 0.135 0.039 0.020 0.039 0.026 0.079 0.039 0.020 0.020 0.020 0.039 0.020 0.020 0.039 0.059  0.9314
0.044 0.227 0.020 0.020 0.020 0.079 0.099 0.020 0.020 0.026 0.059 0.102 0.033 0.020 0.020 0.039 0.020 0.020 0.020 0.035 0.059  0.8860
0.020 0.039 0.020 0.020 0.039 0.020 0.020 0.020 0.020 0.157 0.250 0.020 0.084 0.020 0.039 0.039 0.033 0.020 0.039 0.062 0.020  0.8603
0.079 0.085 0.105 0.046 0.020 0.039 0.020 0.072 0.020 0.020 0.020 0.277 0.020 0.020 0.020 0.020 0.020 0.020 0.020 0.039 0.020  0.8528
0.020 0.020 0.041 0.148 0.020 0.059 0.102 0.253 0.020 0.020 0.020 0.059 0.020 0.020 0.020 0.029 0.053 0.020 0.020 0.020 0.020  0.8516
0.064 0.071 0.063 0.031 0.039 0.046 0.105 0.020 0.054 0.033 0.020 0.118 0.020 0.030 0.026 0.095 0.026 0.032 0.027 0.049 0.030  0.9487
0.059 0.039 0.030 0.056 0.020 0.020 0.118 0.039 0.020 0.049 0.039 0.101 0.039 0.035 0.020 0.084 0.059 0.039 0.039 0.074 0.020  0.9531
0.039 0.020 0.020 0.020 0.020 0.020 0.020 0.020 0.020 0.051 0.266 0.020 0.039 0.249 0.020 0.020 0.020 0.020 0.020 0.059 0.020  0.7995
0.020 0.069 0.049 0.059 0.020 0.046 0.026 0.084 0.039 0.090 0.039 0.020 0.026 0.030 0.020 0.046 0.156 0.020 0.069 0.053 0.020  0.9367
0.020 0.020 0.020 0.020 0.020 0.020 0.020 0.020 0.020 0.443 0.090 0.020 0.020 0.020 0.020 0.020 0.020 0.020 0.020 0.112 0.020  0.7281
0.039 0.044 0.072 0.026 0.058 0.020 0.059 0.074 0.020 0.110 0.030 0.042 0.030 0.079 0.020 0.043 0.089 0.030 0.039 0.057 0.020  0.9575
0.039 0.020 0.020 0.020 0.053 0.020 0.020 0.020 0.020 0.085 0.179 0.020 0.149 0.020 0.039 0.020 0.035 0.020 0.118 0.066 0.020  0.8831
0.062 0.059 0.039 0.020 0.035 0.020 0.020 0.039 0.020 0.118 0.059 0.020 0.020 0.020 0.020 0.042 0.020 0.020 0.230 0.099 0.020  0.8814
0.100 0.020 0.020 0.020 0.020 0.020 0.020 0.020 0.020 0.317 0.113 0.020 0.020 0.020 0.020 0.039 0.045 0.020 0.039 0.069 0.020  0.8229
0.020 0.020 0.152 0.265 0.020 0.020 0.039 0.020 0.020 0.020 0.020 0.020 0.020 0.020 0.020 0.168 0.059 0.020 0.020 0.020 0.020  0.8120
0.039 0.039 0.053 0.046 0.020 0.020 0.039 0.059 0.020 0.020 0.039 0.079 0.020 0.039 0.171 0.158 0.039 0.020 0.039 0.020 0.020  0.9099
0.039 0.020 0.046 0.084 0.020 0.039 0.153 0.023 0.020 0.020 0.020 0.030 0.020 0.020 0.020 0.031 0.023 0.020 0.020 0.020 0.316  0.8181
0.059 0.020 0.046 0.046 0.020 0.079 0.039 0.020 0.020 0.020 0.020 0.059 0.020 0.020 0.020 0.049 0.339 0.020 0.020 0.020 0.046  0.8317
0.020 0.020 0.020 0.026 0.020 0.020 0.020 0.527 0.020 0.020 0.053 0.020 0.039 0.020 0.020 0.020 0.020 0.020 0.020 0.020 0.039  0.6840
0.025 0.082 0.118 0.039 0.039 0.039 0.071 0.020 0.020 0.046 0.020 0.225 0.020 0.020 0.020 0.025 0.047 0.020 0.020 0.066 0.020  0.8892
0.046 0.020 0.020 0.020 0.020 0.020 0.020 0.020 0.020 0.271 0.020 0.039 0.039 0.020 0.039 0.020 0.053 0.020 0.020 0.236 0.020  0.8073
0.059 0.066 0.020 0.053 0.020 0.026 0.061 0.020 0.039 0.084 0.132 0.039 0.072 0.020 0.020 0.066 0.033 0.020 0.020 0.112 0.020  0.9340
0.020 0.020 0.020 0.100 0.020 0.020 0.505 0.020 0.020 0.020 0.020 0.020 0.020 0.039 0.020 0.020 0.020 0.020 0.020 0.020 0.020  0.6888
0.020 0.020 0.020 0.020 0.020 0.020 0.020 0.020 0.020 0.113 0.126 0.020 0.030 0.020 0.020 0.020 0.039 0.020 0.020 0.376 0.020  0.7706
0.039 0.049 0.036 0.081 0.020 0.020 0.161 0.054 0.020 0.044 0.027 0.020 0.020 0.020 0.020 0.152 0.059 0.020 0.073 0.046 0.020  0.9098
0.020 0.020 0.020 0.020 0.020 0.020 0.020 0.020 0.020 0.020 0.020 0.020 0.020 0.566 0.020 0.020 0.020 0.020 0.059 0.020 0.020  0.6440
0.079 0.066 0.073 0.057 0.020 0.066 0.094 0.039 0.033 0.069 0.059 0.033 0.026 0.039 0.020 0.053 0.076 0.020 0.039 0.020 0.020  0.9614
0.039 0.020 0.020 0.020 0.020 0.020 0.020 0.020 0.020 0.108 0.072 0.020 0.049 0.375 0.020 0.020 0.020 0.020 0.039 0.020 0.039  0.7929
0.044 0.059 0.039 0.095 0.020 0.020 0.049 0.020 0.041 0.026 0.035 0.059 0.023 0.089 0.052 0.072 0.072 0.039 0.032 0.074 0.039  0.9655
0.079 0.032 0.115 0.064 0.020 0.020 0.042 0.022 0.020 0.039 0.039 0.051 0.020 0.020 0.059 0.084 0.117 0.020 0.039 0.039 0.059  0.9436
0.026 0.022 0.168 0.092 0.020 0.022 0.020 0.039 0.042 0.033 0.039 0.039 0.020 0.129 0.020 0.034 0.031 0.020 0.020 0.105 0.059  0.9089
0.020 0.023 0.048 0.038 0.020 0.020 0.051 0.078 0.020 0.020 0.020 0.020 0.020 0.020 0.178 0.138 0.092 0.020 0.020 0.039 0.099  0.8913
0.059 0.020 0.020 0.020 0.039 0.039 0.039 0.020 0.039 0.099 0.039 0.020 0.039 0.020 0.204 0.043 0.023 0.020 0.020 0.079 0.099  0.9050
0.039 0.020 0.020 0.020 0.020 0.020 0.020 0.020 0.020 0.020 0.170 0.059 0.059 0.132 0.020 0.020 0.020 0.039 0.165 0.020 0.079  0.8747
0.255 0.020 0.059 0.020 0.020 0.039 0.039 0.030 0.020 0.020 0.059 0.020 0.039 0.020 0.020 0.059 0.101 0.020 0.039 0.022 0.079  0.8798
0.043 0.072 0.039 0.020 0.020 0.089 0.020 0.020 0.020 0.020 0.020 0.115 0.020 0.030 0.039 0.039 0.237 0.020 0.039 0.020 0.059  0.8822
0.039 0.020 0.020 0.020 0.020 0.020 0.039 0.020 0.020 0.342 0.039 0.020 0.020 0.059 0.020 0.020 0.020 0.020 0.020 0.145 0.059  0.8043
0.039 0.020 0.039 0.059 0.020 0.020 0.039 0.020 0.020 0.020 0.020 0.020 0.020 0.020 0.448 0.059 0.020 0.020 0.020 0.020 0.039  0.7517
0.059 0.020 0.020 0.020 0.020 0.020 0.020 0.039 0.020 0.129 0.079 0.020 0.020 0.020 0.197 0.020 0.020 0.020 0.020 0.181 0.039  0.8541
0.059 0.020 0.020 0.099 0.020 0.079 0.039 0.020 0.033 0.020 0.039 0.020 0.039 0.020 0.039 0.270 0.039 0.020 0.026 0.020 0.059  0.8736
0.020 0.099 0.020 0.039 0.020 0.020 0.059 0.020 0.020 0.027 0.020 0.079 0.020 0.020 0.020 0.020 0.082 0.020 0.039 0.280 0.059  0.8562
0.020 0.020 0.020 0.020 0.020 0.020 0.020 0.020 0.020 0.020 0.158 0.020 0.020 0.170 0.020 0.020 0.020 0.020 0.277 0.020 0.059  0.7989
0.079 0.224 0.020 0.020 0.020 0.039 0.118 0.020 0.046 0.039 0.020 0.039 0.020 0.059 0.020 0.039 0.020 0.020 0.079 0.020 0.039  0.8900
0.020 0.042 0.053 0.020 0.020 0.096 0.185 0.020 0.020 0.020 0.059 0.190 0.039 0.020 0.020 0.020 0.039 0.020 0.039 0.020 0.039  0.8772
0.020 0.020 0.020 0.020 0.020 0.020 0.020 0.020 0.020 0.349 0.207 0.020 0.069 0.020 0.020 0.020 0.020 0.020 0.020 0.020 0.039  0.7627
0.020 0.039 0.020 0.020 0.020 0.020 0.566 0.020 0.020 0.020 0.020 0.020 0.020 0.020 0.020 0.020 0.020 0.020 0.020 0.020 0.039  0.6474
0.039 0.020 0.039 0.059 0.020 0.118 0.020 0.020 0.020 0.048 0.061 0.079 0.020 0.020 0.020 0.020 0.186 0.020 0.020 0.113 0.039  0.8967
0.039 0.039 0.118 0.023 0.020 0.044 0.180 0.048 0.020 0.020 0.020 0.192 0.020 0.020 0.020 0.020 0.020 0.020 0.039 0.039 0.039  0.8738
0.020 0.020 0.020 0.020 0.020 0.020 0.039 0.020 0.020 0.199 0.327 0.020 0.020 0.039 0.020 0.020 0.020 0.020 0.039 0.039 0.039  0.7912
0.020 0.039 0.020 0.020 0.020 0.020 0.020 0.020 0.020 0.052 0.039 0.487 0.039 0.020 0.020 0.020 0.020 0.020 0.020 0.027 0.039  0.7212
0.020 0.039 0.069 0.030 0.020 0.087 0.085 0.020 0.020 0.020 0.020 0.266 0.020 0.020 0.020 0.069 0.020 0.020 0.020 0.020 0.099  0.8574
0.020 0.039 0.114 0.043 0.020 0.059 0.062 0.059 0.039 0.026 0.049 0.090 0.039 0.020 0.020 0.030 0.099 0.020 0.079 0.033 0.039  0.9505
0.020 0.020 0.020 0.020 0.039 0.020 0.020 0.020 0.020 0.216 0.149 0.020 0.020 0.020 0.020 0.039 0.020 0.020 0.039 0.181 0.059  0.8403
0.020 0.054 0.020 0.020 0.039 0.026 0.020 0.020 0.092 0.020 0.020 0.197 0.020 0.020 0.020 0.072 0.039 0.144 0.020 0.039 0.079  0.8858
0.039 0.020 0.020 0.020 0.020 0.020 0.020 0.020 0.020 0.039 0.113 0.020 0.020 0.269 0.020 0.020 0.020 0.079 0.105 0.020 0.079  0.8462
0.039 0.046 0.069 0.049 0.020 0.020 0.059 0.020 0.020 0.053 0.020 0.092 0.020 0.025 0.039 0.039 0.172 0.020 0.020 0.081 0.079  0.9248
0.039 0.020 0.020 0.039 0.020 0.020 0.020 0.020 0.020 0.079 0.085 0.020 0.039 0.059 0.257 0.020 0.046 0.020 0.039 0.039 0.079  0.8805
0.026 0.020 0.125 0.030 0.020 0.020 0.020 0.033 0.020 0.036 0.020 0.039 0.020 0.020 0.079 0.132 0.204 0.020 0.020 0.020 0.079  0.8748
0.081 0.039 0.030 0.059 0.020 0.030 0.191 0.030 0.020 0.026 0.039 0.092 0.020 0.020 0.094 0.025 0.048 0.020 0.020 0.020 0.079  0.9100
0.053 0.039 0.059 0.090 0.020 0.049 0.111 0.039 0.030 0.020 0.049 0.039 0.020 0.039 0.020 0.020 0.039 0.020 0.079 0.061 0.104  0.9499
0.118 0.020 0.039 0.099 0.020 0.020 0.020 0.270 0.020 0.020 0.059 0.020 0.025 0.020 0.020 0.020 0.020 0.020 0.020 0.020 0.113  0.8381
0.059 0.128 0.020 0.020 0.039 0.030 0.026 0.020 0.020 0.020 0.020 0.308 0.020 0.020 0.020 0.039 0.020 0.020 0.020 0.020 0.113  0.8218
0.020 0.084 0.020 0.039 0.020 0.039 0.027 0.079 0.020 0.020 0.020 0.237 0.046 0.020 0.039 0.039 0.059 0.020 0.020 0.020 0.113  0.8827
0.020 0.030 0.020 0.039 0.020 0.020 0.020 0.020 0.020 0.099 0.226 0.020 0.048 0.099 0.020 0.039 0.020 0.020 0.044 0.046 0.113  0.8789
0.020 0.033 0.338 0.039 0.020 0.039 0.020 0.020 0.020 0.020 0.020 0.130 0.020 0.020 0.020 0.031 0.020 0.020 0.020 0.020 0.113  0.8008
0.020 0.020 0.059 0.020 0.020 0.020 0.020 0.020 0.053 0.020 0.020 0.020 0.020 0.141 0.020 0.020 0.020 0.020 0.318 0.020 0.113  0.8044
0.020 0.020 0.020 0.020 0.020 0.020 0.020 0.020 0.020 0.306 0.132 0.020 0.079 0.020 0.020 0.020 0.020 0.020 0.020 0.035 0.133  0.8058
0.020 0.039 0.020 0.020 0.020 0.039 0.020 0.020 0.079 0.025 0.072 0.072 0.059 0.095 0.059 0.059 0.025 0.020 0.046 0.053 0.140  0.9380
0.053 0.064 0.020 0.020 0.035 0.039 0.020 0.020 0.020 0.020 0.125 0.020 0.039 0.118 0.020 0.020 0.020 0.020 0.096 0.030 0.184  0.8892
0.026 0.020 0.020 0.020 0.020 0.020 0.020 0.056 0.030 0.066 0.030 0.020 0.048 0.059 0.020 0.069 0.020 0.098 0.046 0.059 0.237  0.8918
0.020 0.020 0.035 0.020 0.020 0.026 0.020 0.020 0.020 0.033 0.036 0.026 0.020 0.030 0.020 0.020 0.020 0.262 0.020 0.039 0.276  0.7906
0.118 0.059 0.039 0.043 0.020 0.020 0.020 0.020 0.035 0.020 0.030 0.020 0.066 0.020 0.034 0.048 0.049 0.020 0.020 0.020 0.283  0.8607
0.020 0.020 0.020 0.020 0.020 0.134 0.020 0.020 0.089 0.062 0.035 0.020 0.020 0.020 0.020 0.020 0.020 0.020 0.059 0.053 0.293  0.8341
0.020 0.033 0.020 0.039 0.020 0.020 0.134 0.020 0.039 0.020 0.020 0.049 0.020 0.020 0.020 0.046 0.039 0.020 0.020 0.035 0.348  0.8103
0.020 0.020 0.020 0.020 0.020 0.020 0.020 0.020 0.020 0.038 0.059 0.020 0.020 0.033 0.137 0.020 0.020 0.020 0.020 0.076 0.362  0.7884
0.039 0.020 0.039 0.020 0.020 0.039 0.038 0.058 0.020 0.020 0.020 0.139 0.020 0.020 0.020 0.020 0.020 0.020 0.020 0.020 0.371  0.7872
0.038 0.020 0.020 0.030 0.020 0.020 0.020 0.039 0.020 0.020 0.020 0.020 0.020 0.020 0.020 0.030 0.039 0.020 0.020 0.039 0.509  0.7038
0.020 0.020 0.020 0.020 0.020 0.020 0.020 0.020 0.020 0.020 0.020 0.039 0.020 0.020 0.020 0.020 0.058 0.020 0.020 0.020 0.548  0.6620
0.020 0.020 0.020 0.020 0.020 0.020 0.020 0.020 0.020 0.039 0.058 0.020 0.020 0.020 0.020 0.020 0.020 0.020 0.020 0.020 0.548  0.6620
0.020 0.020 0.020 0.020 0.020 0.020 0.020 0.020 0.020 0.020 0.020 0.039 0.020 0.020 0.039 0.020 0.020 0.020 0.020 0.020 0.566  0.6474
0.020 0.020 0.020 0.020 0.020 0.020 0.020 0.020 0.020 0.020 0.020 0.020 0.020 0.020 0.059 0.020 0.020 0.020 0.020 0.020 0.566  0.6440
0.020 0.020 0.020 0.020 0.020 0.020 0.020 0.020 0.020 0.020 0.059 0.020 0.020 0.020 0.020 0.020 0.020 0.020 0.020 0.020 0.566  0.6440
0.020 0.020 0.026 0.020 0.020 0.020 0.020 0.020 0.020 0.020 0.020 0.020 0.020 0.020 0.033 0.020 0.039 0.020 0.020 0.020 0.566  0.6484
0.020 0.020 0.020 0.020 0.020 0.020 0.020 0.020 0.020 0.020 0.020 0.020 0.020 0.020 0.059 0.020 0.020 0.020 0.020 0.020 0.566  0.6440
0.020 0.020 0.020 0.020 0.020 0.020 0.020 0.039 0.020 0.020 0.020 0.020 0.020 0.020 0.039 0.020 0.020 0.020 0.020 0.020 0.566  0.6474
0.020 0.020 0.020 0.020 0.020 0.020 0.020 0.059 0.020 0.020 0.020 0.020 0.020 0.020 0.020 0.020 0.020 0.020 0.020 0.020 0.566  0.6440
0.020 0.020 0.020 0.020 0.020 0.039 0.020 0.020 0.020 0.020 0.020 0.020 0.020 0.020 0.026 0.033 0.020 0.020 0.020 0.020 0.566  0.6484
0.020 0.020 0.020 0.020 0.020 0.020 0.020 0.020 0.020 0.020 0.039 0.020 0.020 0.020 0.020 0.020 0.020 0.020 0.020 0.039 0.566  0.6474
0.020 0.020 0.020 0.039 0.020 0.020 0.020 0.020 0.020 0.020 0.020 0.020 0.039 0.020 0.020 0.020 0.020 0.020 0.020 0.020 0.566  0.6474
