T0771_fastaalg
MKRLLLITLLIGYIYPCVAQDKPIRTEESLEGTVIYKKTTTFEVDGYTYQCDVDDGSQFVTLYNKENKLTYEKIVYKDTGKTYIGSWSSNVIEYDRFMSQQADFIVDQAFTKAMADEIGKTELMITMLLSPNTGEVMEVNFNFFTFEPYAKVPLHVYREIEVKLKEQIHFKPIEEGKQLNYIMLAWMQKPQGKLPPLPPPGSLM
CCHHHHHHHHHHCCCCCCCCCCCCCCCCCCCEEEEEEECEEEEECCEEEEEECCCCCEEEEEECCCCCCEEEEEEEECCCCEEEECCCCCHEEHHHHHHHHHHHHHHHHHHHHHHHHHCHHHHHHHHHCCCCCCEEEEEEEEEECECCCCCCCCEEEEEEEEEEEEEECCCCCHHHHHHHHHHHHHHHCCCCCCCCCCCCCCCC
eee----------------eeee-eeeee-e-----eee-e-e-ee---e-e-eeeee-----eeeee-e-ee---eeeeee------ee--e--e---e--e--------e---ee-ee----------eee-e--e--------e---e---e--ee-e-e-eee-e-ee-ee-ee---------eeeeee-eeeeeeeeee
0.883891 0.872386 0.821555 0.374922 0.486557 0.23588 0.037737 0.0185296 0.0248354 0.0295526 0.0280509 0.0292943 0.0547473 0.0455659 0.0569201 0.045621 0.070633 0.0511195 0.0588485 0.0270282 0.0115413 0.00953625 0.00966927 0.0164952 0.0113916 0.0129292 0.0125968 0.0151437 0.0199665 0.0331486 0.0186101 0.0264774 0.0275202 0.0255531 0.0222132 0.0208276 0.0118588 0.0112231 0.0164298 0.0206876 0.0185764 0.0285613 0.0143686 0.0217098 0.0161463 0.0190586 0.0251541 0.0281038 0.0310091 0.0213336 0.0401039 0.0146321 0.0239677 0.012334 0.0108137 0.0146952 0.0140658 0.0135293 0.0271111 0.0222439 0.0223799 0.0218772 0.0201094 0.0121337 0.0083127 0.00804466 0.0104012 0.00902488 0.0254088 0.0138084 0.0195274 0.0126638 0.0109172 0.0178285 0.0184451 0.0213825 0.010139 0.0103039 0.00846445 0.011891 0.0115336 0.0117414 0.0195136 0.0194052 0.0206653 0.0196033 0.0131216 0.0198856 0.0114048 0.0113709 0.0232486 0.0232115 0.0125373 0.0232105 0.0164703 0.0117383 0.020104 0.0239055 0.0175139 0.0110837 0.0128953 0.0219876 0.00806318 0.0167326 0.016731 0.0165884 0.0138717 0.0148277 0.0259292 0.0200671 0.0150232 0.011002 0.0183327 0.018336 0.0370006 0.0171582 0.0104033 0.0172364 0.0126626 0.00782308 0.0124609 0.0202855 0.020709 0.0227153 0.0250358 0.0169401 0.0270511 0.0290519 0.0577497 0.0488429 0.0265478 0.0140894 0.0112895 0.0276546 0.0166238 0.0376139 0.0491117 0.0168283 0.0296033 0.0353966 0.0363837 0.0317353 0.0311923 0.0305716 0.0254227 0.0278848 0.0140806 0.018826 0.0222365 0.0250049 0.00961119 0.0220182 0.0224037 0.0288185 0.0141149 0.0209834 0.0226217 0.0143723 0.0139788 0.0222591 0.0142101 0.0248247 0.0128972 0.0202627 0.0106377 0.0132317 0.0136928 0.0192863 0.00917876 0.0187027 0.00861434 0.00946314 0.0134598 0.00712264 0.0060713 0.0168984 0.0055595 0.00698662 0.0172668 0.0168165 0.0228015 0.0165776 0.0171666 0.021949 0.0233663 0.0098697 0.0192148 0.00889217 0.00859423 0.00993026 0.00807735 0.0104017 0.00758382 0.0189621 0.00925597 0.0084764 0.0105529 0.00883792 0.00855791 0.00820197 0.0117199 0.015187 0.0267411 0.0266286 
0.872386 0.877935 0.886509 0.924564 0.868662 0.667766 0.0383243 0.0150723 0.0139389 0.0224527 0.0326683 0.0355002 0.0367165 0.0296569 0.0415516 0.0372565 0.0319047 0.0269011 0.025638 0.011145 0.0133755 0.00662572 0.00905631 0.0109943 0.00624622 0.0098665 0.0169856 0.0188212 0.011756 0.0204977 0.029766 0.0319059 0.0221792 0.0186478 0.0174836 0.0265795 0.0112982 0.00918708 0.0162988 0.0235694 0.0143988 0.0186383 0.0269626 0.0191204 0.0199367 0.019048 0.0319926 0.0270472 0.0386557 0.0194574 0.02265 0.0183476 0.0203206 0.0163854 0.0175346 0.0147801 0.0124254 0.0116402 0.0163301 0.0195158 0.0227731 0.0171404 0.0233573 0.0112798 0.00649919 0.0137763 0.0090839 0.006614 0.0196952 0.0132841 0.0266938 0.0270603 0.0102846 0.0152296 0.0190953 0.0273311 0.0089541 0.0143751 0.0088463 0.0105003 0.00732901 0.0119055 0.0245502 0.0177756 0.0234225 0.0222036 0.0180495 0.0160986 0.00864998 0.009628 0.0180897 0.0191839 0.0289873 0.03031 0.0224589 0.00566559 0.00967944 0.0079627 0.0133561 0.00548959 0.00956388 0.01182 0.010582 0.00915375 0.0100578 0.0118573 0.0194211 0.0106637 0.0105675 0.00926649 0.0112697 0.00426873 0.00949825 0.00769404 0.010751 0.0105136 0.0126476 0.0103175 0.00830348 0.00506963 0.0105438 0.0264901 0.0171493 0.0105754 0.0141626 0.0168767 0.0116499 0.0168561 0.0336828 0.0483105 0.0107765 0.00869602 0.0105867 0.02813 0.0360328 0.0272652 0.0217053 0.0314602 0.0254443 0.0300133 0.0236097 0.0264535 0.0203463 0.0175401 0.0254101 0.0189779 0.0211866 0.0233163 0.0243176 0.0153296 0.00705308 0.0167336 0.0238192 0.0206313 0.00806258 0.0159936 0.0259685 0.0100653 0.0253712 0.0193075 0.02568 0.0206257 0.00968692 0.0154236 0.0108221 0.0245467 0.0128221 0.0142407 0.00682574 0.011074 0.00544506 0.00928136 0.0100019 0.0105011 0.011158 0.0130371 0.00343819 0.00466188 0.0108383 0.0144106 0.023452 0.0118118 0.00792257 0.0117001 0.0144309 0.0125101 0.0077079 0.00518531 0.00513588 0.00841247 0.00575589 0.00779495 0.00599789 0.0161918 0.0093315 0.00796465 0.00737569 0.00902554 0.00746173 0.00777334 0.011676 0.0167137 0.0224119 0.0110604 
0.821555 0.886509 0.880615 0.912449 0.932438 0.893836 0.493323 0.026264 0.0171726 0.0274677 0.0654883 0.0329864 0.0348977 0.0249195 0.0376721 0.0317024 0.0226011 0.0246507 0.0191437 0.00770023 0.0144149 0.00423643 0.00681176 0.0108849 0.00662554 0.00782332 0.0105739 0.0114706 0.00746897 0.0165063 0.0167027 0.0174915 0.0160029 0.0146653 0.0145762 0.0192 0.00570251 0.00577387 0.0102892 0.0153284 0.00858872 0.0126612 0.0139726 0.0149502 0.012686 0.00993451 0.021443 0.0195527 0.0220892 0.00920708 0.0139127 0.0129793 0.0153582 0.0107254 0.00971163 0.00750087 0.00670179 0.0064012 0.0108142 0.0142828 0.0161063 0.0173917 0.0191888 0.00759495 0.00429044 0.00947633 0.0064914 0.00454633 0.0160847 0.00901671 0.0168367 0.0126635 0.00512707 0.011751 0.0160085 0.0184303 0.00567309 0.0101931 0.00664566 0.00606333 0.00414403 0.00656394 0.0143525 0.0137952 0.0156171 0.0155392 0.0155318 0.0135135 0.00591374 0.00648883 0.0136589 0.0144338 0.0161007 0.0185446 0.020837 0.00557929 0.0101295 0.0122865 0.0111912 0.00438394 0.00815575 0.008713 0.00760306 0.00901352 0.0115098 0.0120592 0.0176588 0.0101393 0.00903485 0.00953099 0.0128194 0.0035629 0.00807536 0.00966961 0.00983704 0.0081106 0.00775209 0.0106634 0.00547506 0.00339026 0.0121597 0.0214098 0.0166864 0.0132017 0.012852 0.0156936 0.0111534 0.0171173 0.0328459 0.0396275 0.0104058 0.00641194 0.00761391 0.0174511 0.0184209 0.0184841 0.0162914 0.016031 0.0167341 0.0166276 0.0152577 0.0159014 0.0138296 0.0140647 0.0206345 0.013891 0.0126522 0.0174675 0.0170908 0.0111746 0.00474258 0.0154787 0.0195484 0.0181317 0.00715748 0.012777 0.0165667 0.00755945 0.0125685 0.013752 0.013151 0.013162 0.00517412 0.0129235 0.00619407 0.0135089 0.0073999 0.0125373 0.00677907 0.0102257 0.00426033 0.00626424 0.00982982 0.00902998 0.00767283 0.0101857 0.00322057 0.00391725 0.0108155 0.0138864 0.0182885 0.0129739 0.0107917 0.0143976 0.0112578 0.0131503 0.0104627 0.00473401 0.00305889 0.0057616 0.00449803 0.00497461 0.00354812 0.0122225 0.00747967 0.00667485 0.00587463 0.00624401 0.00550473 0.00560391 0.0066005 0.0117072 0.0135435 0.0118957 
0.374922 0.924564 0.912449 0.901392 0.917817 0.906224 0.851395 0.431313 0.0910916 0.113702 0.223508 0.139568 0.0647778 0.0699055 0.0386089 0.0415846 0.0458109 0.0563278 0.0477905 0.00927193 0.00916168 0.00730584 0.0108188 0.035332 0.0123307 0.00859092 0.00570707 0.00642679 0.00903062 0.0370799 0.010013 0.0303782 0.0245358 0.041743 0.0489873 0.0261466 0.0118385 0.0102667 0.0123593 0.0200508 0.0106544 0.0290936 0.00880739 0.0392159 0.0105828 0.0134048 0.0243164 0.023128 0.0259519 0.0128326 0.0331752 0.0121206 0.0434223 0.00821449 0.00768562 0.00920112 0.00761664 0.0110229 0.0313952 0.0418523 0.0241775 0.0473569 0.0283689 0.00977767 0.00770754 0.00567816 0.00893183 0.0105279 0.0386028 0.0123533 0.0210325 0.00726383 0.0111754 0.0457267 0.0439003 0.0264054 0.0114049 0.00780105 0.00938241 0.00947077 0.00901384 0.00990037 0.021944 0.0428084 0.0299813 0.0232589 0.0339497 0.0191747 0.007872 0.00982913 0.0521513 0.0466045 0.0105307 0.0446517 0.0251418 0.0120262 0.0343951 0.0370115 0.0218231 0.00806927 0.022873 0.0463844 0.00731924 0.0365761 0.0588584 0.0551827 0.0223304 0.0262962 0.0468443 0.0396214 0.0308265 0.00854384 0.0444127 0.0381106 0.0465034 0.00700916 0.00523617 0.0484261 0.00909293 0.00880704 0.0287842 0.0218894 0.0595202 0.0580254 0.0714104 0.0339864 0.0425661 0.0582112 0.101971 0.0648515 0.0147461 0.00776002 0.0106929 0.0286915 0.00862719 0.0396591 0.033448 0.00938784 0.0391869 0.0233584 0.0345671 0.0229219 0.0333755 0.0338737 0.0352233 0.0297191 0.00796053 0.0291831 0.0259431 0.0389574 0.0105592 0.0440414 0.0344087 0.0384318 0.0151236 0.0362024 0.0238844 0.0138541 0.00797676 0.0390464 0.0091124 0.038461 0.0120177 0.0450638 0.0139444 0.00753587 0.0107963 0.0405887 0.0110645 0.030654 0.00855943 0.0103148 0.0340515 0.00639907 0.00547093 0.0254305 0.00800659 0.0080563 0.0472171 0.0421745 0.0451992 0.0576677 0.0477816 0.0579358 0.0661094 0.0422159 0.0348858 0.00815055 0.00652221 0.00836875 0.00607157 0.00840249 0.00817831 0.0336031 0.011319 0.00936413 0.0123454 0.00956777 0.0078696 0.00771618 0.00905564 0.00828806 0.019481 0.0183005 
0.486557 0.868662 0.932438 0.917817 0.90698 0.906813 0.891764 0.749949 0.592249 0.151367 0.194125 0.120229 0.0743168 0.0675665 0.0444168 0.0431886 0.0480339 0.0593848 0.0516981 0.0104826 0.00838732 0.00897392 0.012198 0.0420375 0.013912 0.00990264 0.00624862 0.00686648 0.0112439 0.0416938 0.0100095 0.0309855 0.0255157 0.0444889 0.0519344 0.0319189 0.0128858 0.0118222 0.0139621 0.0210758 0.0109475 0.0302573 0.0081998 0.043854 0.010928 0.01496 0.0250028 0.0233213 0.0245581 0.0128902 0.0333024 0.0115096 0.0464321 0.00861576 0.00794092 0.0103309 0.00955585 0.0126809 0.0354067 0.0461782 0.0268642 0.0450475 0.0297477 0.0103562 0.00925898 0.00643256 0.00941768 0.0131073 0.0428631 0.0127093 0.0212606 0.00743984 0.0116526 0.0486817 0.0494337 0.0284028 0.0126136 0.00796674 0.0105351 0.0110548 0.0106919 0.0107613 0.022585 0.0477004 0.0377906 0.0239377 0.0384073 0.0213454 0.00933028 0.0107372 0.0570615 0.0478913 0.0104446 0.0415329 0.025865 0.0133185 0.0373754 0.0395664 0.0240526 0.00914051 0.0266958 0.0540126 0.00825187 0.0408889 0.0679353 0.0644108 0.0263591 0.0313712 0.0570186 0.0469512 0.03812 0.0111556 0.0545666 0.0468704 0.0558572 0.00744367 0.00567896 0.0533971 0.0125195 0.0116594 0.0332403 0.0273926 0.0631564 0.0558144 0.0681342 0.0543068 0.0819906 0.0894866 0.074937 0.0360161 0.0141895 0.00778457 0.0114132 0.0307069 0.00833049 0.0415194 0.0328555 0.00933974 0.0436951 0.0242045 0.0372724 0.0240893 0.0361851 0.0355338 0.0362909 0.0313125 0.00804454 0.0308394 0.0287206 0.0455481 0.0123375 0.0514847 0.040304 0.040471 0.0147708 0.0396715 0.0242656 0.0147804 0.00794032 0.0447564 0.00936732 0.0455518 0.0138622 0.0445034 0.0127387 0.00719818 0.0107387 0.0441721 0.0128911 0.0356822 0.0109594 0.0123361 0.0373951 0.0074436 0.00612903 0.029567 0.0103715 0.00903133 0.0526425 0.0373788 0.0424733 0.0655744 0.052711 0.0764543 0.0744916 0.0425313 0.0381981 0.00916384 0.00710316 0.00950418 0.00688774 0.00998555 0.00966343 0.0338831 0.0125028 0.0099688 0.0127026 0.010215 0.00893139 0.00842513 0.00976442 0.00809816 0.0151878 0.016789 
0.23588 0.667766 0.893836 0.906224 0.906813 0.898849 0.901197 0.911339 0.804945 0.449849 0.19309 0.0647734 0.0533621 0.0776464 0.0412121 0.0423099 0.0467074 0.0553332 0.0519071 0.0107525 0.00786166 0.00897567 0.0138847 0.047533 0.0158675 0.00952411 0.00648105 0.00666889 0.0104986 0.042606 0.0102533 0.0305728 0.0294764 0.0482132 0.0535218 0.0332555 0.0135457 0.0119355 0.0143935 0.0232184 0.01158 0.0291903 0.00863111 0.0453851 0.0111385 0.0148659 0.0254393 0.0236331 0.0246178 0.0114785 0.032883 0.0110091 0.0464205 0.00804573 0.00761031 0.010451 0.00996791 0.0127385 0.0373395 0.0508303 0.0286256 0.0391437 0.0275051 0.0100133 0.00936782 0.00669263 0.00948348 0.0127049 0.0460169 0.0133942 0.0211978 0.00822559 0.0123268 0.0510621 0.0493877 0.0274562 0.011307 0.00758878 0.0100547 0.0110514 0.0109543 0.0109127 0.0230164 0.0478774 0.0378086 0.0248882 0.0382824 0.0217889 0.00976571 0.0104417 0.0562167 0.0488729 0.00983747 0.040193 0.0240355 0.0127373 0.0382486 0.0397436 0.0251957 0.00963008 0.0284026 0.059012 0.00834888 0.0399689 0.0741852 0.0683316 0.0277245 0.0341057 0.0602639 0.0475395 0.0380958 0.0160531 0.0635387 0.0473589 0.0607607 0.00759256 0.0056205 0.0600409 0.0136414 0.0143023 0.0366697 0.0325187 0.0582946 0.0606924 0.102065 0.092272 0.187972 0.0871278 0.0668707 0.0321671 0.0161161 0.00789628 0.0115351 0.0322943 0.00860268 0.0413904 0.0314575 0.0092256 0.0424535 0.0224926 0.0358302 0.0233253 0.036924 0.0368959 0.0370534 0.0294989 0.00850487 0.0308039 0.0296475 0.0478982 0.0135115 0.051172 0.0404661 0.0391634 0.0152605 0.039873 0.0256659 0.0135692 0.00800546 0.0441078 0.0100337 0.0446838 0.0133502 0.0402587 0.0110043 0.00703636 0.0103846 0.0452962 0.0134361 0.0347319 0.0109998 0.0122328 0.0399762 0.00801831 0.00631056 0.030401 0.0113504 0.00941694 0.0486547 0.031594 0.0469536 0.0880236 0.0611804 0.056376 0.0798796 0.0437504 0.0394012 0.00961467 0.0071901 0.00930125 0.00684302 0.0102389 0.00967559 0.0314189 0.0122813 0.00927348 0.0108581 0.00963024 0.00833338 0.00832649 0.00835539 0.00687874 0.0130799 0.0168094 
0.037737 0.0383243 0.493323 0.851395 0.891764 0.901197 0.915673 0.931697 0.916022 0.76799 0.455688 0.0934849 0.0887078 0.0861506 0.0556278 0.0366777 0.0452042 0.064663 0.0640219 0.0141523 0.00761679 0.0095128 0.0120061 0.0454794 0.0139519 0.0122861 0.00929496 0.00896472 0.00975214 0.0435626 0.0142784 0.0321682 0.03705 0.0612231 0.0621774 0.0370463 0.0131246 0.0129907 0.018637 0.0314652 0.0155531 0.0287707 0.0117665 0.0502237 0.0110273 0.0136012 0.0326733 0.0314155 0.0319385 0.0125856 0.0253923 0.0107954 0.0510618 0.00834855 0.00725063 0.0100934 0.0101791 0.014751 0.0331876 0.0573289 0.035211 0.0518755 0.0290671 0.00845508 0.00896325 0.00804378 0.00896333 0.0136882 0.0490304 0.0166826 0.0284462 0.0114289 0.0133317 0.0537582 0.0478612 0.0304065 0.0110766 0.00735996 0.0123136 0.00960616 0.0107582 0.0145815 0.0307876 0.0537486 0.031791 0.0265513 0.0311905 0.0223735 0.00990628 0.010166 0.0707303 0.059163 0.0135894 0.0443802 0.0256677 0.0122856 0.0360019 0.0386581 0.0302227 0.0120251 0.0322776 0.0683551 0.00934443 0.0445801 0.0612813 0.0809296 0.0277212 0.0379159 0.0720025 0.0448537 0.050327 0.0131261 0.0722565 0.0430708 0.0700152 0.00893804 0.00973177 0.0529696 0.0142556 0.0118815 0.0472299 0.0437742 0.0752114 0.0678215 0.0718359 0.115758 0.0755295 0.0812427 0.110525 0.0493037 0.0165046 0.00817802 0.0128117 0.0319936 0.0118082 0.0461681 0.030441 0.0126665 0.0458333 0.0220884 0.0299628 0.0217031 0.0312836 0.0323184 0.0458249 0.0303536 0.0113418 0.0268488 0.0350342 0.053894 0.0145786 0.0598278 0.0378468 0.0465279 0.0125961 0.04339 0.0304211 0.0123488 0.0109221 0.048426 0.0121555 0.0471196 0.0138688 0.0397859 0.0112898 0.0100241 0.0122186 0.0469203 0.013305 0.0325904 0.0104603 0.0114498 0.0409069 0.0137837 0.00863839 0.0291182 0.0119041 0.0113928 0.0596966 0.0293786 0.0594975 0.0816441 0.052412 0.0724622 0.0843168 0.0530852 0.0651915 0.0123623 0.00679171 0.00782488 0.00793678 0.00894645 0.0100102 0.0355389 0.00917751 0.00801229 0.01209 0.00793987 0.00703923 0.00703822 0.00825879 0.00759179 0.012992 0.0178862 
0.0185296 0.0150723 0.026264 0.431313 0.749949 0.911339 0.931697 0.942482 0.901806 0.89386 0.801385 0.726049 0.187034 0.134328 0.0470721 0.0718044 0.0577421 0.059366 0.050227 0.015735 0.0134145 0.0123475 0.0187547 0.0381329 0.0192838 0.0162965 0.0121167 0.0113998 0.0147159 0.0297428 0.0167706 0.0362927 0.0468383 0.0393199 0.0357051 0.0210958 0.0155762 0.0173499 0.0270431 0.0577074 0.0264869 0.0240315 0.0133305 0.039255 0.0176604 0.0177583 0.0213541 0.045184 0.0208237 0.0160632 0.0325482 0.0149845 0.0404056 0.0137997 0.0118533 0.0131918 0.0153954 0.0168616 0.0242358 0.039729 0.0452184 0.051195 0.0318152 0.0141692 0.0108873 0.0106439 0.0119198 0.0157279 0.0357987 0.0233014 0.0192735 0.013598 0.015438 0.0317543 0.0305585 0.0178756 0.0129244 0.0142441 0.0141395 0.0138577 0.0126551 0.0199928 0.0190429 0.0329349 0.0349498 0.0400278 0.0187878 0.0335217 0.0151303 0.0135411 0.0498013 0.0336433 0.0135027 0.030792 0.042514 0.0175249 0.0285595 0.0278128 0.0413245 0.0130046 0.0366875 0.0533156 0.0166898 0.033996 0.0492819 0.0514644 0.0406378 0.0420382 0.0563662 0.0375667 0.0507921 0.0147855 0.0450558 0.0277077 0.054171 0.012912 0.0111735 0.0390327 0.0133194 0.0144975 0.0483309 0.0430831 0.0477545 0.0440067 0.0791883 0.0526214 0.0391726 0.0480355 0.0658637 0.0959737 0.0214157 0.0118631 0.0160076 0.0396175 0.0126185 0.0321074 0.0217237 0.013641 0.0357321 0.0350006 0.0292163 0.036301 0.0298616 0.0288194 0.0546036 0.027496 0.0148153 0.0434297 0.0234154 0.0421257 0.0162985 0.045881 0.0523907 0.0328623 0.0132441 0.0310619 0.018756 0.0135483 0.0131964 0.0334238 0.0126681 0.036736 0.0143336 0.0250085 0.0155017 0.0117351 0.0160935 0.0339489 0.0133656 0.026532 0.0125834 0.0172707 0.030942 0.0139342 0.0105316 0.0349977 0.0137812 0.0139335 0.0377893 0.0517117 0.04175 0.0532614 0.0326386 0.0470138 0.0584857 0.0209699 0.0293393 0.0154166 0.00868741 0.0126098 0.0106529 0.0118758 0.01195 0.0261271 0.0164731 0.0129588 0.00924855 0.0133901 0.0122037 0.0121223 0.0111018 0.0124405 0.00914269 0.0143996 
0.0248354 0.0139389 0.0171726 0.0910916 0.592249 0.804945 0.916022 0.901806 0.910712 0.906063 0.896853 0.883788 0.880505 0.398626 0.13263 0.0966639 0.108072 0.113462 0.101504 0.0280147 0.0275819 0.0266498 0.0153359 0.0557543 0.0249916 0.013191 0.00774825 0.0070809 0.00991144 0.0380727 0.00994351 0.0332687 0.0256584 0.0392195 0.0449133 0.0288766 0.012386 0.0130852 0.0194777 0.029072 0.0121564 0.0309263 0.00834278 0.0427791 0.0113726 0.0139666 0.0246578 0.0228409 0.023994 0.0121677 0.0335718 0.0119203 0.0431428 0.00863708 0.00827664 0.0104349 0.0100694 0.0127412 0.0328219 0.0429459 0.0337194 0.0444927 0.0292662 0.0116472 0.00974987 0.00684294 0.00954632 0.0129242 0.0460206 0.0139896 0.0222533 0.00763597 0.0116978 0.0449177 0.0426764 0.0237775 0.0117018 0.00929224 0.010726 0.0109492 0.0111369 0.0110119 0.0206978 0.0416234 0.0397846 0.0273679 0.0387048 0.022914 0.0101174 0.0106267 0.0516803 0.043756 0.00949943 0.040701 0.0272725 0.0144229 0.0397736 0.0407337 0.026192 0.009835 0.0263337 0.0524848 0.00968401 0.0452621 0.0630394 0.0627786 0.0273923 0.0303547 0.0546346 0.0517451 0.0408585 0.0109019 0.0491392 0.0404153 0.0554406 0.00814695 0.00603515 0.0527446 0.0189037 0.0149789 0.0339999 0.0221843 0.059052 0.0567449 0.0726427 0.0416183 0.0426339 0.0628149 0.0750515 0.038927 0.0133091 0.00840518 0.01197 0.030272 0.00736364 0.0338496 0.0286627 0.00822635 0.0378377 0.0247252 0.0356979 0.0243908 0.0380533 0.0382907 0.0359963 0.0331617 0.00856168 0.0309208 0.0299951 0.0456918 0.0145622 0.0478319 0.0389158 0.0387508 0.0142646 0.034338 0.0229063 0.0128287 0.00743486 0.0406847 0.00866421 0.0401707 0.0123226 0.0409187 0.0117556 0.00709669 0.0112212 0.0417235 0.0133685 0.036205 0.0116136 0.0129139 0.0362587 0.00882972 0.00684337 0.0319039 0.0119132 0.0108626 0.0511847 0.0368579 0.0541022 0.0691411 0.0520258 0.068881 0.0744655 0.040349 0.0377688 0.00973078 0.00771434 0.00895912 0.00784996 0.0106521 0.00985893 0.0329303 0.0116777 0.00918937 0.012441 0.00962794 0.00836953 0.00898995 0.00948916 0.00814671 0.0141258 0.0174805 
0.0295526 0.0224527 0.0274677 0.113702 0.151367 0.449849 0.76799 0.89386 0.906063 0.904449 0.902097 0.909672 0.889517 0.695862 0.251792 0.143503 0.11838 0.138515 0.110783 0.0348011 0.015136 0.0155625 0.0181488 0.064184 0.0251743 0.0142319 0.00910592 0.00765184 0.0116439 0.0399386 0.00961774 0.0308205 0.0269941 0.0458705 0.0531941 0.0308405 0.0134936 0.0128948 0.0169828 0.02321 0.0110244 0.0287411 0.0086841 0.0460473 0.0107985 0.0139919 0.0239194 0.0240329 0.0256302 0.0117779 0.0382761 0.012412 0.0472529 0.00870163 0.00825117 0.0114177 0.0106425 0.011741 0.0315073 0.0479999 0.0292531 0.0403514 0.0287727 0.0111448 0.0101981 0.00734285 0.00968071 0.0140468 0.0518121 0.0118357 0.0216457 0.00860345 0.0115561 0.045857 0.0472958 0.0274773 0.0118205 0.00913847 0.00998134 0.0114505 0.0111956 0.0104297 0.0215515 0.0445709 0.0460119 0.0323765 0.0399255 0.0221856 0.00982507 0.00997541 0.0546316 0.0459614 0.00971439 0.0421818 0.0258449 0.0137596 0.0381382 0.0399645 0.0264191 0.0107118 0.0273164 0.05495 0.00853759 0.0401316 0.0736532 0.0691963 0.02886 0.0320197 0.0607469 0.0481816 0.0371024 0.0110534 0.0528528 0.0436488 0.0569242 0.00794295 0.00605411 0.0620241 0.019198 0.0217622 0.0376927 0.0261184 0.0601525 0.0525455 0.0831772 0.0442168 0.0571623 0.0708115 0.0410814 0.0239406 0.0128521 0.00814652 0.0113345 0.0293031 0.00766365 0.0362543 0.028906 0.00853257 0.0401654 0.0229372 0.0344803 0.0228018 0.0347813 0.0362129 0.0360064 0.031944 0.00908384 0.0329515 0.0328643 0.0514198 0.0152185 0.0538301 0.0432352 0.0412136 0.0150049 0.0368281 0.0240229 0.0124615 0.00785261 0.0404168 0.00932484 0.0417106 0.0127649 0.0383341 0.00995446 0.00681174 0.0104171 0.0452823 0.0146902 0.0374623 0.0122744 0.0143017 0.0409725 0.00924946 0.0073047 0.0332093 0.0136127 0.0101131 0.0494205 0.0321078 0.0535673 0.077809 0.0636342 0.068521 0.074551 0.0411307 0.0396744 0.0101026 0.00824544 0.010275 0.00846339 0.011888 0.011078 0.0348421 0.0128034 0.0106386 0.0121373 0.0108727 0.0096434 0.0101447 0.0105876 0.00923556 0.0141502 0.0174034 
0.0280509 0.0326683 0.0654883 0.223508 0.194125 0.19309 0.455688 0.801385 0.896853 0.902097 0.903641 0.896454 0.90325 0.794522 0.279931 0.111794 0.125127 0.144776 0.107607 0.0221187 0.0128469 0.0139905 0.0210301 0.0766709 0.0270152 0.0190698 0.0114033 0.00998077 0.0104212 0.0442774 0.0128273 0.0334867 0.0395435 0.069276 0.0654336 0.0415422 0.0170202 0.0143144 0.0209753 0.0314117 0.0151396 0.0282313 0.0115991 0.0477709 0.0122333 0.0161817 0.0387564 0.0357792 0.0320621 0.0142497 0.0364163 0.013681 0.0555906 0.0100169 0.00822583 0.0125181 0.0114153 0.0133993 0.0297891 0.0559207 0.0353116 0.0445972 0.0312333 0.00968343 0.00987725 0.00896447 0.00866107 0.0139686 0.0559328 0.0163669 0.0302216 0.0114109 0.0123021 0.0562245 0.0488992 0.0326031 0.0136252 0.00870668 0.0120846 0.0121607 0.0117258 0.0145833 0.0277761 0.05262 0.0430871 0.0364773 0.0304841 0.0212216 0.0099544 0.00900771 0.063042 0.0580622 0.0127264 0.0466179 0.0259976 0.0133913 0.0346427 0.0348425 0.0296004 0.0120344 0.0319619 0.064074 0.00991013 0.0448523 0.0660168 0.0786109 0.027701 0.0398626 0.0726093 0.0468639 0.0427894 0.0110241 0.0615056 0.0389264 0.0702812 0.0097662 0.0101252 0.0540825 0.0240804 0.0188812 0.045494 0.037345 0.0705762 0.0517578 0.0781793 0.0700898 0.0463906 0.0793392 0.0467673 0.0219933 0.0117918 0.00758856 0.0118135 0.0287648 0.0104964 0.0424738 0.02878 0.0115852 0.0444058 0.0222158 0.029593 0.0203597 0.029427 0.032922 0.0445288 0.0324167 0.0126077 0.0316413 0.0402795 0.0585906 0.0158451 0.0585852 0.0388608 0.0492768 0.0134528 0.041498 0.0296265 0.0137462 0.0108385 0.0484728 0.0108548 0.0427408 0.0132301 0.0359017 0.010254 0.00916577 0.0118156 0.0475818 0.014681 0.0374392 0.0121625 0.01389 0.0437059 0.0146737 0.00901101 0.0349263 0.013543 0.0124118 0.0568535 0.0305007 0.0671324 0.0727451 0.0624197 0.0858635 0.0845729 0.0355629 0.0386319 0.0130161 0.00825768 0.0098734 0.00971725 0.0123853 0.0108747 0.0387528 0.0114659 0.00987239 0.0144608 0.0100081 0.00957728 0.0101051 0.0109207 0.00954395 0.0157057 0.0155582 
0.0292943 0.0355002 0.0329864 0.139568 0.120229 0.0647734 0.0934849 0.726049 0.883788 0.909672 0.896454 0.888614 0.895648 0.89046 0.414323 0.218573 0.112859 0.0878042 0.0728799 0.026857 0.026596 0.0250017 0.0293851 0.0499261 0.0326887 0.0211753 0.0149311 0.0152652 0.0219312 0.0308425 0.0163143 0.038803 0.0404786 0.0412824 0.0455119 0.0382128 0.0280083 0.0221101 0.0191496 0.0267822 0.0150234 0.0277195 0.0153308 0.0274695 0.0257966 0.0247018 0.0547377 0.0412179 0.0272001 0.01851 0.0419803 0.0215566 0.0338594 0.0192983 0.0179397 0.0167645 0.0235512 0.0152655 0.0298316 0.0307892 0.0354128 0.0308927 0.027492 0.0207901 0.0135191 0.0109618 0.0153482 0.0164573 0.0311315 0.0170207 0.026033 0.0147584 0.0174648 0.0244812 0.0246878 0.0300853 0.0186922 0.0166396 0.0152047 0.0154782 0.0209397 0.0147405 0.0289394 0.048268 0.040311 0.0433397 0.0255396 0.0334563 0.0145794 0.0155248 0.0321748 0.0274184 0.0178879 0.0391425 0.0438957 0.0168916 0.0323104 0.0396371 0.0378146 0.013572 0.0353829 0.0355399 0.0154855 0.0361967 0.0435492 0.0353983 0.0438547 0.0405909 0.0397497 0.0421316 0.041526 0.0167756 0.0328677 0.0378683 0.0401481 0.0185811 0.0210359 0.0576953 0.0167834 0.0195893 0.0400571 0.0369735 0.0373192 0.0506989 0.0498629 0.0550515 0.0472274 0.0409284 0.03279 0.0350278 0.0181173 0.0141152 0.0126161 0.0313764 0.0136897 0.0223183 0.0310525 0.0158864 0.0255227 0.0387142 0.0334839 0.0390877 0.0323385 0.0344682 0.0503819 0.0335207 0.0204841 0.0490417 0.03851 0.0370968 0.0222012 0.0326885 0.0550302 0.0370892 0.0176858 0.0254916 0.0263927 0.0172292 0.0147419 0.0229182 0.0142969 0.0212682 0.0183079 0.022369 0.0146077 0.0108164 0.0146909 0.0249715 0.0196135 0.0392448 0.0200021 0.0222197 0.0309122 0.0163818 0.0133541 0.0350295 0.0199059 0.0130583 0.0344868 0.0466905 0.0423918 0.0576007 0.0596657 0.0512189 0.0462817 0.0310841 0.040519 0.0150293 0.0145412 0.0159411 0.014489 0.0167382 0.0185636 0.027118 0.0199327 0.0183095 0.012565 0.0193727 0.0198117 0.0219067 0.0183479 0.0156447 0.0110568 0.0157695 
0.0547473 0.0367165 0.0348977 0.0647778 0.0743168 0.0533621 0.0887078 0.187034 0.880505 0.889517 0.90325 0.895648 0.893467 0.894267 0.892317 0.386216 0.218226 0.125122 0.101206 0.0339849 0.0231938 0.0373179 0.0568652 0.070762 0.0577963 0.0196147 0.0188085 0.0173386 0.019307 0.0476045 0.0244253 0.0580347 0.0468933 0.0702605 0.0834162 0.0786965 0.0545453 0.0345091 0.0273178 0.024293 0.015068 0.0436898 0.0194898 0.050083 0.029179 0.0460631 0.0405124 0.0383504 0.0424477 0.031663 0.0708525 0.0205183 0.0504927 0.0159388 0.0156491 0.0303196 0.0199618 0.0216126 0.052723 0.0567473 0.0353636 0.0524287 0.0386611 0.0220902 0.0247217 0.0155161 0.0188762 0.0257494 0.0463695 0.0179476 0.034156 0.0186097 0.0292289 0.049559 0.0566595 0.0428464 0.0292707 0.0162515 0.0145079 0.0229121 0.0287345 0.018404 0.0405838 0.0814692 0.0692159 0.047297 0.03857 0.0375195 0.0178076 0.0169028 0.0427916 0.05082 0.0299492 0.0451749 0.0317666 0.0207098 0.0420358 0.0379895 0.0316859 0.0160748 0.0330696 0.0445538 0.0107189 0.0451721 0.0485209 0.0435909 0.0304041 0.039118 0.0492713 0.0491009 0.0284474 0.022125 0.0439763 0.0329355 0.0496037 0.0156879 0.0233944 0.0574157 0.0238223 0.0270146 0.0252221 0.0297962 0.0433145 0.0385878 0.0721149 0.0400901 0.0426211 0.0447964 0.0406271 0.0359492 0.0353229 0.0160646 0.0141307 0.0425254 0.0187456 0.0412039 0.0470483 0.0226586 0.0477375 0.048284 0.0582833 0.0471207 0.0618548 0.0648169 0.0554803 0.0657285 0.0296133 0.0874396 0.0449089 0.0704276 0.0330456 0.0555074 0.08111 0.0489399 0.0218859 0.0447606 0.0388014 0.0301153 0.0204302 0.0466436 0.0189152 0.0414602 0.0277645 0.0381909 0.0271624 0.0180412 0.0223775 0.0482916 0.0290249 0.0691266 0.035291 0.0430742 0.0452539 0.017762 0.0138417 0.0371747 0.0196236 0.0154919 0.0343675 0.033813 0.0361496 0.0784779 0.0566953 0.0541708 0.0535779 0.0284376 0.0382864 0.0205505 0.0270523 0.0376818 0.023603 0.0215112 0.0269972 0.0421918 0.0343298 0.0326934 0.0218917 0.0377998 0.0392725 0.0428524 0.0237874 0.0136002 0.016487 0.0173078 
0.0455659 0.0296569 0.0249195 0.0699055 0.0675665 0.0776464 0.0861506 0.134328 0.398626 0.695862 0.794522 0.89046 0.894267 0.945057 0.900136 0.885569 0.355115 0.249824 0.133761 0.04341 0.0269774 0.0338628 0.0478986 0.132419 0.0486627 0.0328379 0.0196946 0.0190326 0.018625 0.0699115 0.0323287 0.0555101 0.0789393 0.100184 0.096066 0.0915031 0.0333867 0.020378 0.0402914 0.037961 0.0224139 0.0443472 0.0201177 0.0588388 0.0264837 0.0286524 0.0486997 0.0558814 0.0535413 0.0310787 0.059514 0.0219101 0.0634315 0.0156338 0.0127044 0.0181882 0.0179081 0.0218283 0.0527456 0.0701742 0.0626692 0.0652963 0.0505088 0.018712 0.0165651 0.0154381 0.0169576 0.0223563 0.0648952 0.0271706 0.0392251 0.0185742 0.0215343 0.0629762 0.0627424 0.0455815 0.0173269 0.0151072 0.0203568 0.0172225 0.0200593 0.0289978 0.0610742 0.0687187 0.0469413 0.0441965 0.0572943 0.0378274 0.0172762 0.017001 0.0712981 0.0657641 0.0233826 0.057749 0.0289911 0.018218 0.037671 0.040144 0.0292458 0.0154912 0.0318026 0.0553685 0.0104382 0.0409739 0.0528678 0.0617556 0.0261431 0.0376584 0.0600778 0.0446426 0.0382034 0.0127424 0.0552892 0.0406082 0.0678947 0.013236 0.0161868 0.0435021 0.0181368 0.0120178 0.0381565 0.0314008 0.0562735 0.0436354 0.0588413 0.0586244 0.0382429 0.0640488 0.0605241 0.0318522 0.0207128 0.0135996 0.023996 0.0434198 0.0210387 0.0575824 0.0499879 0.0251244 0.0600457 0.0426433 0.0495646 0.0402149 0.0530373 0.0569367 0.0797551 0.0601576 0.0296253 0.0661036 0.068196 0.0804011 0.0283495 0.0791067 0.0684566 0.0768093 0.0279721 0.0618525 0.0522499 0.0217152 0.0206517 0.0522275 0.0195272 0.0473623 0.0211789 0.0421531 0.0180849 0.0186153 0.02205 0.0629084 0.0282017 0.0641765 0.0244937 0.0283549 0.0573218 0.0160152 0.0115451 0.0272352 0.0138519 0.0151019 0.0565675 0.0334715 0.0789597 0.0621133 0.0487796 0.0662179 0.0688189 0.0349713 0.037151 0.0175601 0.0173568 0.0198059 0.0181744 0.0166974 0.0192099 0.0560084 0.0228654 0.0204312 0.0286153 0.0216772 0.0212548 0.0215449 0.0182061 0.013101 0.022211 0.0191151 
0.0569201 0.0415516 0.0376721 0.0386089 0.0444168 0.0412121 0.0556278 0.0470721 0.13263 0.251792 0.279931 0.414323 0.892317 0.900136 0.919608 0.934617 0.909806 0.422675 0.158722 0.061845 0.0440629 0.0646863 0.0898442 0.138884 0.0803311 0.0320835 0.0314921 0.0306805 0.0303873 0.0710366 0.0361355 0.0624789 0.0570016 0.082862 0.0899905 0.0518758 0.0347859 0.0270052 0.0253686 0.0245669 0.0167186 0.0503143 0.0208999 0.0396115 0.0211483 0.0281813 0.0414334 0.0403634 0.0511057 0.0386238 0.0674576 0.0199174 0.0444686 0.0142996 0.0125259 0.0186577 0.0225603 0.0261971 0.0556829 0.0501858 0.0373748 0.0510565 0.0412191 0.025926 0.029596 0.0169775 0.0229448 0.0337313 0.0497133 0.0174476 0.0343523 0.0212014 0.0314651 0.0427691 0.0412766 0.0414554 0.0276445 0.0158251 0.0140712 0.0190142 0.0279632 0.0186662 0.0462962 0.0555012 0.0537857 0.0573573 0.0469627 0.0464452 0.0202347 0.0205757 0.0511127 0.0483624 0.0257097 0.042657 0.0325631 0.0227096 0.0421057 0.0397632 0.0347294 0.0170727 0.0359331 0.0451729 0.0113559 0.0446611 0.045374 0.0385823 0.0275115 0.040764 0.0495064 0.0512454 0.0276514 0.0203304 0.0401678 0.0375109 0.0480521 0.0104661 0.0122194 0.035734 0.017627 0.0223221 0.0243855 0.0292226 0.0389249 0.0375544 0.0496181 0.029722 0.0408184 0.0432266 0.0465782 0.0449452 0.033591 0.0196353 0.0171344 0.0449841 0.0246505 0.04596 0.0484099 0.0271983 0.0469371 0.0527358 0.0634549 0.0550512 0.0702897 0.0698171 0.0615845 0.0769465 0.0359093 0.0937198 0.049058 0.0760906 0.0363294 0.0610054 0.0897214 0.0562727 0.0278158 0.0451392 0.0476401 0.0304307 0.0206123 0.0427749 0.0183309 0.0356888 0.0274592 0.0331297 0.0239605 0.0186839 0.0292918 0.047766 0.0367975 0.0865344 0.0475431 0.0453928 0.0471985 0.0159258 0.0137487 0.0360011 0.0242929 0.0194403 0.0370698 0.0444256 0.0377133 0.0596285 0.0393904 0.0408386 0.0516451 0.0296524 0.0431921 0.022816 0.0302019 0.033005 0.021193 0.0207859 0.0328882 0.0490237 0.0391562 0.0383462 0.027931 0.0371118 0.038185 0.034848 0.0210098 0.0167482 0.0183715 0.0212613 
0.045621 0.0372565 0.0317024 0.0415846 0.0431886 0.0423099 0.0366777 0.0718044 0.0966639 0.143503 0.111794 0.218573 0.386216 0.885569 0.934617 0.98774 0.981479 0.963397 0.355717 0.0770431 0.0501471 0.0576425 0.084762 0.1072 0.0708463 0.0532833 0.0338423 0.0377645 0.0455072 0.0658953 0.0504909 0.0682368 0.0897471 0.0782539 0.0718497 0.075606 0.0275252 0.0221785 0.040714 0.0437773 0.0283179 0.0421265 0.0255042 0.037526 0.0275588 0.0337043 0.064304 0.0687582 0.0733483 0.041464 0.0587576 0.0319103 0.0543444 0.0197711 0.0176383 0.0240082 0.0348336 0.0314418 0.0567506 0.054396 0.0666566 0.0506545 0.0683978 0.0336026 0.0219429 0.0193235 0.0269366 0.029677 0.0480656 0.0331039 0.0496341 0.0242501 0.0228987 0.0327832 0.0475207 0.064365 0.0225253 0.0198306 0.0278742 0.0213469 0.0219025 0.03026 0.0648632 0.0489744 0.0637586 0.0899442 0.0568999 0.0735648 0.033738 0.0319758 0.0583983 0.0402633 0.0271591 0.0700227 0.0383432 0.0222702 0.0387164 0.0355733 0.0571016 0.0248478 0.0461462 0.0477424 0.0155861 0.0435664 0.0346664 0.047033 0.038933 0.0532025 0.0514325 0.0460869 0.0501428 0.0192224 0.044541 0.0370672 0.0535882 0.0138677 0.0133004 0.0289633 0.0206811 0.0177297 0.0439264 0.0347946 0.0365007 0.0356785 0.0382777 0.0574898 0.0370545 0.0475692 0.0494898 0.0696537 0.0350112 0.0270815 0.0329749 0.0523093 0.0297328 0.045349 0.0455496 0.0350166 0.0517892 0.0701066 0.0657579 0.0759282 0.073052 0.0647797 0.0963879 0.0718118 0.0413722 0.0762365 0.0839449 0.0690618 0.0344176 0.066418 0.0814432 0.0636494 0.043387 0.0507868 0.0685147 0.0249078 0.0250646 0.0293645 0.0227565 0.0372973 0.0218749 0.0321652 0.0217234 0.0223267 0.0339935 0.0404971 0.0462475 0.0833055 0.034787 0.0354023 0.0375619 0.0159702 0.0142104 0.0411263 0.0205811 0.0215497 0.0350387 0.0565551 0.0709134 0.0384538 0.0396718 0.0430688 0.0555747 0.0418625 0.0388297 0.0263224 0.0230282 0.0305467 0.0242053 0.0252247 0.0278875 0.0452764 0.0415097 0.0394553 0.0273575 0.034321 0.0317444 0.0283398 0.0201545 0.023882 0.0189543 0.0240574 
0.070633 0.0319047 0.0226011 0.0458109 0.0480339 0.0467074 0.0452042 0.0577421 0.108072 0.11838 0.125127 0.112859 0.218226 0.355115 0.909806 0.981479 0.997641 0.993754 0.971927 0.213739 0.0715263 0.071509 0.12242 0.217006 0.0708375 0.0461643 0.0351824 0.0363562 0.0544042 0.106935 0.0586958 0.0876527 0.118243 0.0908472 0.118164 0.0685205 0.0242744 0.0204124 0.0417478 0.0447978 0.0321555 0.050108 0.0226255 0.0350319 0.0234974 0.0312534 0.0490461 0.0629892 0.0614253 0.0296606 0.20779 0.0239538 0.0458309 0.0166496 0.0149537 0.0233939 0.0397103 0.0324305 0.073799 0.0472357 0.0571507 0.0607731 0.0502195 0.0286747 0.0196901 0.0181447 0.0241106 0.0265714 0.0653956 0.0326039 0.0415221 0.0222706 0.0188071 0.0473479 0.0406922 0.0456047 0.0202625 0.0174332 0.0252781 0.0202777 0.0242352 0.0297428 0.05187 0.0645449 0.0670425 0.0828389 0.040973 0.0655617 0.0304555 0.0257718 0.0491543 0.0549081 0.028095 0.0578904 0.0335082 0.0188221 0.0449498 0.0488328 0.0552721 0.0164124 0.0332204 0.0541339 0.0132413 0.0445262 0.0400788 0.0368102 0.0284603 0.0348145 0.0513059 0.0548743 0.0428479 0.014953 0.0426517 0.0475639 0.0492135 0.0114981 0.0123549 0.034069 0.0150555 0.0147962 0.0377854 0.0363868 0.0470466 0.0482946 0.0501254 0.0496453 0.0487971 0.0615718 0.0679729 0.0658304 0.0301415 0.0225724 0.0339622 0.0490956 0.0277551 0.0417135 0.0597808 0.0361865 0.0433693 0.0562035 0.0679732 0.0631008 0.0814002 0.0733554 0.0945743 0.0851272 0.0406141 0.0679072 0.0686654 0.0735434 0.0319095 0.0609879 0.0832705 0.0799733 0.0391015 0.0478155 0.04735 0.0209495 0.020972 0.039827 0.0218406 0.0319554 0.0185406 0.0386286 0.019627 0.0247764 0.0255411 0.0649334 0.0448073 0.0883989 0.0290859 0.0285908 0.045662 0.0154699 0.0139295 0.0333164 0.0163355 0.0132279 0.0471394 0.0439131 0.0470447 0.04766 0.0507658 0.0571012 0.0555655 0.0250758 0.0513611 0.0171038 0.0178613 0.0225985 0.0172666 0.0218062 0.0261318 0.0680015 0.0374741 0.0356784 0.0350756 0.0324181 0.0275811 0.0231039 0.0168829 0.0255194 0.0283585 0.0349578 
0.0511195 0.0269011 0.0246507 0.0563278 0.0593848 0.0553332 0.064663 0.059366 0.113462 0.138515 0.144776 0.0878042 0.125122 0.249824 0.422675 0.963397 0.993754 0.993782 0.994712 0.987444 0.291047 0.209891 0.209792 0.353125 0.10096 0.0466676 0.0506713 0.0522152 0.0435867 0.142253 0.0804282 0.0939509 0.109444 0.13702 0.11501 0.0635311 0.0323293 0.03103 0.0420001 0.0408568 0.0233155 0.0351475 0.0221804 0.0554832 0.0186466 0.0278062 0.0372974 0.0443317 0.0371052 0.0243352 0.0396998 0.0154228 0.0591726 0.0128321 0.013026 0.0256454 0.0271812 0.0327884 0.0627812 0.0828225 0.0517195 0.0496623 0.0314445 0.0218403 0.0182042 0.0164563 0.0182336 0.0249351 0.0740994 0.0277731 0.032171 0.0213094 0.0250806 0.0562363 0.0583827 0.0320093 0.0191084 0.0165158 0.0272171 0.0185893 0.025056 0.0287578 0.0402278 0.0622225 0.0427511 0.052826 0.061676 0.0459062 0.0177241 0.0210134 0.0642668 0.0616919 0.0267254 0.0433036 0.0275262 0.0159405 0.0360067 0.0419569 0.0323638 0.0174853 0.035778 0.0557138 0.0117954 0.0342816 0.053634 0.050676 0.0229988 0.038122 0.0539458 0.0408628 0.0418928 0.0154059 0.047517 0.040741 0.049945 0.00866263 0.0127363 0.0436714 0.0141279 0.0153095 0.0377826 0.0404602 0.0516566 0.0482858 0.0613808 0.0471118 0.0437938 0.0613535 0.0678046 0.0448028 0.0212096 0.0171951 0.0252069 0.0414281 0.0247792 0.0617017 0.0477935 0.0243814 0.0597736 0.0410674 0.042033 0.0424073 0.0489182 0.0512648 0.0798672 0.0551102 0.0329665 0.0610334 0.0579286 0.0723749 0.0293883 0.0846867 0.0815478 0.0835199 0.0421176 0.0628789 0.0378465 0.0186371 0.0215705 0.0472549 0.019805 0.0497165 0.0228833 0.0427431 0.023766 0.0263442 0.0282066 0.0646134 0.0387436 0.0589694 0.0241131 0.0267327 0.0501658 0.0188766 0.0151831 0.0268827 0.0149066 0.0163793 0.0461139 0.0372025 0.0401791 0.05901 0.0476797 0.0592651 0.0706341 0.0438473 0.038539 0.0156404 0.016334 0.0212086 0.0183512 0.0190575 0.0273585 0.0713944 0.0294071 0.0231482 0.023579 0.0261366 0.0199775 0.018421 0.0139254 0.0136494 0.0252015 0.0239734 
0.0588485 0.025638 0.0191437 0.0477905 0.0516981 0.0519071 0.0640219 0.050227 0.101504 0.110783 0.107607 0.0728799 0.101206 0.133761 0.158722 0.355717 0.971927 0.994712 0.99216 0.994256 0.990339 0.573782 0.283647 0.350293 0.102715 0.0843953 0.0507995 0.0587303 0.0493503 0.148471 0.088375 0.102782 0.125158 0.137805 0.109243 0.0514391 0.0276183 0.0253458 0.0475239 0.0400175 0.0216579 0.0371149 0.0187216 0.0470009 0.022201 0.0320726 0.041399 0.0403684 0.0404813 0.0251811 0.0454082 0.0174477 0.0561359 0.0167382 0.0173123 0.0349604 0.0275056 0.025095 0.05868 0.0551647 0.0433666 0.0419311 0.0326598 0.0225459 0.0219275 0.0182298 0.0148324 0.0243754 0.0638858 0.0237659 0.03714 0.0217304 0.0205627 0.0550503 0.0425691 0.034134 0.01807 0.021733 0.0373578 0.023001 0.0264528 0.0253406 0.0425413 0.0586293 0.0400884 0.045646 0.0581133 0.0417946 0.0184985 0.0185736 0.0657423 0.0549472 0.0180383 0.0467584 0.0286319 0.013121 0.0356084 0.0430716 0.0319953 0.0151432 0.0368082 0.0496459 0.0120405 0.0357533 0.0487955 0.0431687 0.0232374 0.0338036 0.0451474 0.0429644 0.0370169 0.0125237 0.0391115 0.0414522 0.0367833 0.00970678 0.0109686 0.0424616 0.0153892 0.0144982 0.0370467 0.033802 0.0467763 0.0468626 0.0583398 0.0457247 0.0428188 0.0526683 0.05646 0.0356805 0.0232549 0.0147409 0.0288345 0.0483451 0.023046 0.0469997 0.0543069 0.0226706 0.0441594 0.0365741 0.0434334 0.0345347 0.0455385 0.0483216 0.0682106 0.0515718 0.0268111 0.0606422 0.062275 0.0628467 0.0262434 0.0647305 0.0828929 0.0817649 0.0340716 0.0506661 0.0389573 0.0159505 0.0164214 0.0478485 0.0189331 0.0399536 0.019118 0.0406474 0.0198027 0.0221815 0.0256967 0.0678828 0.0388277 0.0623501 0.0196433 0.0268558 0.0531888 0.0242959 0.0158337 0.0313195 0.0148664 0.0135966 0.0439475 0.0317839 0.0415502 0.0538125 0.0461074 0.0494902 0.051537 0.0402257 0.0426665 0.0161574 0.0147798 0.0241359 0.0197085 0.0210042 0.0286515 0.0517634 0.0240119 0.0191033 0.018936 0.0190921 0.0199183 0.0185418 0.0173411 0.0156782 0.0245673 0.026279 
