T0771_fastaalg
MKRLLLITLLIGYIYPCVAQDKPIRTEESLEGTVIYKKTTTFEVDGYTYQCDVDDGSQFVTLYNKENKLTYEKIVYKDTGKTYIGSWSSNVIEYDRFMSQQADFIVDQAFTKAMADEIGKTELMITMLLSPNTGEVMEVNFNFFTFEPYAKVPLHVYREIEVKLKEQIHFKPIEEGKQLNYIMLAWMQKPQGKLPPLPPPGSLM
CCHHHHHHHHHHCCCCCCCCCCCCCCCCCCCEEEEEEECEEEEECCEEEEEECCCCCEEEEEECCCCCCEEEEEEEECCCCEEEECCCCCHEEHHHHHHHHHHHHHHHHHHHHHHHHHCHHHHHHHHHCCCCCCEEEEEEEEEECECCCCCCCCEEEEEEEEEEEEEECCCCCHHHHHHHHHHHHHHHCCCCCCCCCCCCCCCC
eee----------------eeee-eeeee-e-----eee-e-e-ee---e-e-eeeee-----eeeee-e-ee---eeeeee------ee--e--e---e--e--------e---ee-ee----------eee-e--e--------e---e---e--ee-e-e-eee-e-ee-ee-ee---------eeeeee-eeeeeeeeee
0.980401 0.970413 0.917157 0.941353 0.92282 0.881495 0.571793 0.252879 0.136136 0.110101 0.10686 0.110191 0.14891 0.177187 0.190562 0.181331 0.182718 0.148972 0.118088 0.0737354 0.0597746 0.0585783 0.075394 0.0938172 0.0592237 0.0490059 0.047878 0.0565231 0.0577934 0.106448 0.0882153 0.120948 0.107191 0.121395 0.131707 0.125206 0.07572 0.0655858 0.0837319 0.0996128 0.0808837 0.129035 0.0892985 0.102759 0.0811419 0.0971481 0.145812 0.128962 0.158293 0.109411 0.145713 0.0821498 0.104858 0.0612944 0.0537014 0.0659276 0.0685699 0.0878058 0.148405 0.131227 0.108544 0.121218 0.107915 0.0611506 0.0500197 0.0549238 0.0530796 0.0573125 0.11171 0.074172 0.104208 0.0827712 0.077421 0.124249 0.121449 0.113474 0.0662542 0.0566668 0.0520488 0.0594566 0.0627806 0.0779113 0.117428 0.123292 0.114924 0.113261 0.106787 0.0985001 0.0753254 0.0762105 0.124749 0.135975 0.116417 0.159104 0.138237 0.119606 0.190438 0.210272 0.155503 0.108911 0.117288 0.112051 0.0761357 0.146808 0.14996 0.14601 0.122986 0.129219 0.13625 0.167491 0.109147 0.0795285 0.123616 0.169249 0.11342 0.0612062 0.0627114 0.11125 0.0702788 0.0666673 0.104057 0.133421 0.17043 0.200836 0.185775 0.144242 0.177812 0.146929 0.132652 0.10031 0.0864507 0.0641763 0.0671552 0.117924 0.107483 0.161551 0.185017 0.144855 0.183421 0.159167 0.196545 0.147148 0.176689 0.178885 0.136325 0.146539 0.105388 0.142836 0.140326 0.112327 0.0746369 0.135406 0.153057 0.144511 0.115846 0.124069 0.12695 0.0774466 0.084303 0.113147 0.0974422 0.122205 0.0861868 0.117411 0.0785976 0.0836183 0.0801096 0.125004 0.117662 0.141838 0.072133 0.0850861 0.0970341 0.0636272 0.0601429 0.0861599 0.0594489 0.072042 0.126717 0.11364 0.145559 0.160689 0.180995 0.17724 0.151471 0.144407 0.168504 0.0869656 0.065525 0.0760437 0.0588561 0.0536128 0.0500002 0.095338 0.0638061 0.0592807 0.0591636 0.0605025 0.0600761 0.059988 0.062312 0.0689753 0.119687 0.12248 
0.970413 0.963063 0.966238 0.974253 0.985309 0.984237 0.952925 0.711531 0.360708 0.177946 0.12546 0.128793 0.180313 0.174822 0.191475 0.17827 0.146191 0.118382 0.0936971 0.0720363 0.0775038 0.0444428 0.0599483 0.0647711 0.0563124 0.052996 0.0713078 0.0823791 0.0735201 0.124534 0.116276 0.13377 0.117242 0.132965 0.14498 0.161722 0.0650081 0.0474572 0.0698084 0.0856299 0.0828995 0.12909 0.124254 0.133016 0.117385 0.0983578 0.148098 0.126775 0.161311 0.118287 0.141912 0.103203 0.121398 0.0948323 0.0835759 0.0670711 0.0684785 0.0842661 0.123662 0.127888 0.106619 0.128493 0.131796 0.0716992 0.0443823 0.0566768 0.0576971 0.0424135 0.0931394 0.077206 0.135947 0.117409 0.0647737 0.12518 0.13311 0.144239 0.0578549 0.071019 0.055763 0.0533392 0.045865 0.062998 0.118054 0.117858 0.0994003 0.104145 0.106141 0.0882795 0.0779135 0.0805504 0.123724 0.149411 0.150011 0.196277 0.174921 0.114945 0.146418 0.131452 0.103336 0.0871673 0.112233 0.117875 0.110331 0.142792 0.146056 0.150721 0.167803 0.140997 0.125883 0.131035 0.106154 0.0651724 0.101895 0.11133 0.105673 0.0991435 0.0998244 0.121422 0.0777301 0.0643733 0.0891238 0.146858 0.155514 0.136731 0.140269 0.118646 0.120286 0.119897 0.137162 0.103395 0.0879971 0.0617798 0.0639307 0.115813 0.131334 0.177416 0.174512 0.154703 0.186147 0.149533 0.155388 0.128856 0.141321 0.141404 0.134082 0.131365 0.132837 0.15497 0.137097 0.109832 0.0543461 0.111734 0.146544 0.128017 0.095334 0.111678 0.117489 0.0971325 0.106195 0.145698 0.136419 0.158921 0.0752283 0.119635 0.063834 0.0987225 0.0896496 0.0945033 0.081302 0.0957078 0.0477413 0.0682541 0.0870166 0.0795619 0.0810899 0.0917417 0.0501212 0.0591129 0.106943 0.110514 0.145346 0.144841 0.120974 0.137673 0.133681 0.119578 0.101757 0.0599513 0.0428577 0.0544606 0.0450951 0.0429935 0.0341847 0.067156 0.0580682 0.0495144 0.0442607 0.0498693 0.0478914 0.0485302 0.0438752 0.0500331 0.0814242 0.121649 
0.917157 0.966238 0.969257 0.979352 0.983567 0.977036 0.974291 0.918449 0.793846 0.521078 0.263992 0.160559 0.255753 0.238508 0.228636 0.183411 0.143009 0.144088 0.115443 0.0718323 0.0743902 0.0538659 0.057064 0.0899572 0.0463012 0.0581857 0.0690126 0.071694 0.0664161 0.144698 0.114259 0.107703 0.112791 0.152293 0.177468 0.165145 0.0903582 0.062605 0.0716401 0.0865656 0.0826476 0.145867 0.115129 0.147551 0.115086 0.0865454 0.142551 0.12893 0.157349 0.106123 0.126127 0.109812 0.14747 0.0953856 0.0834256 0.0577862 0.0562442 0.0771514 0.130696 0.146383 0.119168 0.162402 0.128264 0.0663534 0.049494 0.052519 0.0472328 0.0514103 0.106344 0.0838736 0.134294 0.105077 0.0902378 0.142365 0.171157 0.135333 0.0715682 0.0679846 0.0545535 0.0426395 0.0515164 0.0571948 0.101608 0.130848 0.109206 0.116168 0.123296 0.101954 0.0816159 0.0772958 0.152302 0.181324 0.162227 0.21007 0.188311 0.102726 0.188255 0.180537 0.133304 0.0836929 0.119876 0.156276 0.131991 0.184897 0.197108 0.206156 0.186482 0.145845 0.16093 0.170272 0.123951 0.0734936 0.133396 0.162261 0.161679 0.116593 0.104782 0.162524 0.082348 0.0668284 0.10402 0.152542 0.195093 0.189625 0.225806 0.197804 0.206693 0.211202 0.201855 0.121197 0.0945775 0.0672337 0.0719012 0.101933 0.114 0.172849 0.192731 0.154245 0.188653 0.141007 0.185198 0.133691 0.180979 0.174789 0.158754 0.170197 0.130102 0.159318 0.139148 0.131092 0.0739717 0.142231 0.156333 0.171267 0.111385 0.158901 0.149405 0.0797562 0.109466 0.15972 0.134591 0.154163 0.0902629 0.128018 0.0818096 0.0857846 0.0771199 0.104371 0.081781 0.117774 0.0603238 0.0709554 0.114923 0.0851573 0.0820757 0.0860508 0.0542093 0.054134 0.136892 0.134539 0.157372 0.187399 0.182785 0.201653 0.198428 0.169173 0.166211 0.0786772 0.0594602 0.0583646 0.0447086 0.0375722 0.0391959 0.0839431 0.065202 0.0572328 0.0562759 0.0555122 0.0517505 0.048775 0.0372535 0.044019 0.0819469 0.0952787 
0.941353 0.974253 0.979352 0.985118 0.992915 0.994189 0.987084 0.964898 0.979777 0.928087 0.700524 0.390396 0.38594 0.377016 0.316192 0.233133 0.190247 0.22886 0.194878 0.102636 0.074207 0.0675681 0.0739475 0.197724 0.0960835 0.0719723 0.0681566 0.0693502 0.0797433 0.239755 0.138279 0.200656 0.225098 0.349045 0.43021 0.329424 0.164306 0.127149 0.118383 0.178338 0.140896 0.289855 0.159944 0.267456 0.124725 0.0979672 0.218643 0.213295 0.267526 0.159463 0.196871 0.119784 0.217531 0.0878486 0.0655987 0.0562909 0.0661265 0.114834 0.275794 0.33438 0.284448 0.343535 0.249802 0.0844668 0.0609972 0.05618 0.0598468 0.0744687 0.219316 0.141865 0.20178 0.137305 0.146081 0.377533 0.378857 0.277325 0.120445 0.0707633 0.0628909 0.0570181 0.069399 0.0916711 0.216251 0.318042 0.221484 0.176852 0.231112 0.153554 0.0982765 0.100056 0.31616 0.388928 0.198677 0.315631 0.270476 0.17096 0.326202 0.28279 0.20536 0.129984 0.210202 0.303218 0.189903 0.375567 0.432597 0.388759 0.297194 0.266338 0.320767 0.356631 0.253317 0.154949 0.298772 0.31909 0.317619 0.156481 0.141194 0.305919 0.118156 0.122375 0.209178 0.24561 0.364758 0.349918 0.439476 0.357087 0.393855 0.4394 0.382561 0.208711 0.107252 0.0748028 0.0864777 0.147676 0.137444 0.289972 0.292045 0.185044 0.3346 0.269922 0.356677 0.25117 0.353837 0.34792 0.258126 0.293209 0.138367 0.197058 0.212397 0.243242 0.151274 0.298133 0.274911 0.308821 0.185753 0.325856 0.294415 0.173344 0.142663 0.335275 0.185046 0.335615 0.197005 0.344588 0.157917 0.128153 0.125429 0.273672 0.123916 0.206293 0.0919077 0.0854047 0.210219 0.102478 0.0839056 0.145494 0.0958632 0.105319 0.326211 0.250178 0.300212 0.380616 0.366678 0.411261 0.407857 0.394241 0.300429 0.136171 0.0863833 0.0661492 0.0515426 0.0434378 0.0531234 0.168999 0.0745794 0.0625776 0.0831278 0.0561464 0.0503647 0.0476442 0.0417715 0.0492044 0.110814 0.121678 
0.92282 0.985309 0.983567 0.992915 0.993102 0.99292 0.994369 0.993201 0.993101 0.98469 0.895733 0.631549 0.514749 0.450743 0.326595 0.218775 0.188525 0.235094 0.203553 0.0951782 0.0675293 0.0724967 0.0765645 0.223329 0.103537 0.0699326 0.0566501 0.0633611 0.0850908 0.265614 0.131353 0.213521 0.251577 0.395124 0.476569 0.357121 0.182859 0.144003 0.134372 0.205331 0.169194 0.313793 0.151646 0.278296 0.118193 0.0974786 0.216565 0.219218 0.264193 0.154646 0.186097 0.108624 0.220734 0.0753345 0.0565688 0.0555501 0.0660488 0.120139 0.299383 0.377582 0.322793 0.376265 0.256709 0.0898537 0.0649618 0.0522205 0.0600799 0.0879536 0.261274 0.144571 0.212788 0.127498 0.158054 0.409631 0.409117 0.279215 0.124024 0.0671009 0.0688322 0.0590093 0.0806762 0.10068 0.238844 0.372355 0.242657 0.184054 0.246316 0.161352 0.108446 0.111629 0.359774 0.415979 0.173675 0.308735 0.262171 0.178659 0.320358 0.27145 0.203943 0.142747 0.216829 0.320624 0.189593 0.406997 0.470857 0.43767 0.299791 0.29102 0.358031 0.388997 0.286175 0.177665 0.326816 0.325206 0.331491 0.153751 0.136223 0.355413 0.128955 0.134272 0.233412 0.24588 0.413019 0.367099 0.473621 0.386645 0.423662 0.522173 0.401901 0.230487 0.129316 0.0838081 0.100249 0.155099 0.126345 0.298636 0.274417 0.163619 0.343117 0.268415 0.369178 0.258115 0.373242 0.366435 0.272409 0.288439 0.117168 0.186104 0.231381 0.268724 0.166909 0.33191 0.289725 0.344563 0.191938 0.352534 0.294751 0.171889 0.130266 0.352605 0.17333 0.355803 0.223055 0.390241 0.177438 0.120874 0.136671 0.318931 0.132544 0.217965 0.0971825 0.085221 0.229962 0.0886741 0.0743058 0.149502 0.104703 0.118158 0.374618 0.263861 0.325711 0.408505 0.382752 0.462908 0.432528 0.402492 0.297581 0.130539 0.0870451 0.0638019 0.0539336 0.0456376 0.0575742 0.193658 0.0693049 0.0564 0.0871645 0.0510445 0.0470091 0.0456569 0.041707 0.048267 0.106285 0.101111 
0.881495 0.984237 0.977036 0.994189 0.99292 0.99007 0.994843 0.994786 0.995113 0.993557 0.974584 0.899708 0.749534 0.594282 0.340631 0.220908 0.197419 0.220293 0.183067 0.0847467 0.0627341 0.0736008 0.0796502 0.22103 0.101762 0.0726202 0.0575089 0.0640497 0.083343 0.26934 0.12324 0.216738 0.280816 0.41232 0.465851 0.353869 0.186982 0.148057 0.146415 0.237565 0.196195 0.31849 0.153533 0.282836 0.112864 0.0978552 0.214989 0.228172 0.258428 0.146637 0.184962 0.10187 0.216414 0.0676071 0.0525901 0.0546359 0.0691185 0.122494 0.305698 0.384942 0.332364 0.398117 0.259192 0.095444 0.0669951 0.0490287 0.0623305 0.0848087 0.257532 0.136473 0.215393 0.126677 0.155818 0.412224 0.414857 0.276075 0.121219 0.0687264 0.0714461 0.0656076 0.0826378 0.109555 0.255261 0.398535 0.26637 0.208729 0.253065 0.175007 0.114178 0.120983 0.369822 0.407374 0.166394 0.304025 0.252632 0.16649 0.299219 0.26346 0.21598 0.142498 0.226944 0.319459 0.178589 0.413095 0.482674 0.451242 0.324527 0.308612 0.371771 0.400481 0.311558 0.183914 0.334452 0.318441 0.333892 0.15051 0.129425 0.355458 0.141072 0.148723 0.263954 0.260524 0.414112 0.354536 0.468483 0.378782 0.437072 0.537386 0.385331 0.220244 0.121005 0.0848086 0.101755 0.165455 0.120398 0.293861 0.258833 0.158261 0.336862 0.261851 0.364413 0.264589 0.370155 0.365664 0.282566 0.284523 0.109799 0.182302 0.228572 0.277971 0.16527 0.331224 0.286198 0.345518 0.184661 0.357878 0.291019 0.164205 0.12481 0.35498 0.164575 0.359911 0.211259 0.391489 0.172649 0.114454 0.132746 0.323704 0.13322 0.222204 0.0951521 0.0848657 0.222196 0.085491 0.0718064 0.157668 0.103388 0.105687 0.357592 0.260792 0.322407 0.413952 0.369406 0.470273 0.420632 0.370846 0.282338 0.120766 0.0820496 0.0636443 0.0549253 0.0511583 0.0587219 0.188647 0.0677191 0.053839 0.0886158 0.0497465 0.0466813 0.0460482 0.0443838 0.0474816 0.10249 0.0907033 
0.571793 0.952925 0.974291 0.987084 0.994369 0.994843 0.99363 0.995486 0.995714 0.995345 0.993019 0.967948 0.928792 0.750488 0.403348 0.21901 0.199386 0.227841 0.190997 0.0858031 0.0619641 0.0742251 0.0811298 0.183887 0.0930267 0.0780727 0.0711142 0.0735431 0.0909448 0.284105 0.127041 0.214732 0.325171 0.45107 0.419422 0.328609 0.182027 0.139621 0.160285 0.288642 0.2239 0.365973 0.169777 0.276516 0.109221 0.110407 0.227655 0.268146 0.269237 0.154495 0.183798 0.104222 0.202713 0.0714493 0.0527046 0.0603641 0.0730654 0.124931 0.309342 0.368328 0.345385 0.417124 0.264931 0.0977887 0.062069 0.0536091 0.0635333 0.0850967 0.25206 0.139736 0.221242 0.133687 0.151593 0.353809 0.389124 0.264712 0.115325 0.0701869 0.0754226 0.0746433 0.0871691 0.125356 0.286167 0.369075 0.266032 0.213826 0.239895 0.180835 0.118061 0.125243 0.380417 0.376037 0.16899 0.306762 0.245801 0.164089 0.309465 0.257231 0.216109 0.145732 0.231498 0.337248 0.179179 0.418859 0.468212 0.4478 0.346299 0.346224 0.393972 0.425796 0.338048 0.191207 0.346557 0.313344 0.345582 0.151497 0.1315 0.339938 0.13116 0.143741 0.297069 0.31612 0.431856 0.36518 0.437374 0.415556 0.417974 0.49266 0.416279 0.232177 0.124216 0.0828694 0.105451 0.173102 0.130982 0.293052 0.259947 0.160709 0.325707 0.256462 0.376814 0.264503 0.395345 0.37523 0.309363 0.319625 0.119347 0.196483 0.240163 0.296078 0.161386 0.31353 0.284309 0.363776 0.169146 0.317321 0.283603 0.171805 0.138424 0.322539 0.169114 0.343668 0.192299 0.365021 0.141852 0.112061 0.129635 0.261876 0.120978 0.221193 0.0948997 0.0871202 0.19789 0.0895077 0.084218 0.165473 0.109122 0.115096 0.343338 0.265194 0.31845 0.394057 0.338686 0.459289 0.394942 0.317543 0.237563 0.111775 0.0793035 0.0702366 0.0589069 0.0549363 0.0676514 0.183134 0.0738325 0.0606857 0.0817662 0.0603056 0.0570616 0.0559633 0.0545434 0.0526352 0.0987515 0.0901529 
0.252879 0.711531 0.918449 0.964898 0.993201 0.994786 0.995486 0.994568 0.995181 0.994841 0.991336 0.968482 0.982983 0.900269 0.513716 0.22187 0.167132 0.196893 0.156189 0.0752691 0.0680903 0.078848 0.0854889 0.191465 0.100855 0.0800382 0.0784007 0.082103 0.0862543 0.243758 0.129659 0.249323 0.285228 0.381581 0.402333 0.299443 0.17221 0.140417 0.133931 0.25279 0.188666 0.287215 0.148516 0.234004 0.107767 0.115847 0.23427 0.243016 0.247128 0.14006 0.170419 0.104195 0.182905 0.0696052 0.0604741 0.0685126 0.072005 0.108298 0.257144 0.331169 0.279695 0.331731 0.226928 0.0895813 0.06622 0.0603621 0.0645125 0.0851233 0.232331 0.117786 0.187189 0.121358 0.138971 0.311164 0.304226 0.218079 0.110158 0.0809929 0.0766151 0.0810376 0.0965313 0.110631 0.224991 0.353299 0.271112 0.228927 0.235036 0.18732 0.118876 0.112825 0.341989 0.350364 0.158123 0.275132 0.238268 0.145699 0.229374 0.223142 0.222857 0.139296 0.229527 0.329614 0.164357 0.311039 0.396853 0.402907 0.332136 0.333644 0.404007 0.357922 0.306144 0.167189 0.306281 0.273819 0.299596 0.147299 0.122131 0.296431 0.136566 0.140973 0.280442 0.286155 0.391836 0.324723 0.430388 0.350382 0.306458 0.373287 0.307597 0.210848 0.112948 0.0816971 0.101141 0.189859 0.122687 0.257164 0.210264 0.141645 0.293816 0.228524 0.296638 0.23591 0.310794 0.30051 0.231664 0.238978 0.125206 0.191552 0.214622 0.24227 0.132668 0.267256 0.230848 0.281 0.134404 0.27372 0.240896 0.155676 0.128441 0.305639 0.147278 0.278027 0.15383 0.26897 0.124541 0.094542 0.10286 0.226353 0.0970614 0.160977 0.0869972 0.0845972 0.197971 0.0914872 0.083475 0.17507 0.104759 0.10682 0.298031 0.250015 0.284973 0.350555 0.27892 0.369973 0.326177 0.2521 0.21068 0.0984332 0.0796123 0.068478 0.0584209 0.0598598 0.062476 0.149521 0.071462 0.0614741 0.080671 0.0637037 0.0629706 0.0633623 0.0558905 0.053837 0.0815018 0.0762481 
0.136136 0.360708 0.793846 0.979777 0.993101 0.995113 0.995714 0.995181 0.995169 0.993581 0.99422 0.985263 0.991715 0.97678 0.832095 0.369513 0.200886 0.243963 0.214956 0.0970744 0.0745499 0.0833903 0.0861285 0.24364 0.117764 0.0743693 0.0649621 0.0674355 0.087696 0.250461 0.135515 0.256689 0.30117 0.399358 0.476338 0.356187 0.190525 0.161085 0.160593 0.25237 0.176677 0.283458 0.15454 0.254781 0.113181 0.100071 0.252847 0.258516 0.264423 0.147915 0.163381 0.101916 0.196678 0.0718655 0.0566262 0.0585997 0.0756231 0.124509 0.309851 0.4094 0.361692 0.361855 0.229906 0.0898538 0.0665619 0.0560044 0.0667284 0.091391 0.254352 0.147658 0.208455 0.125389 0.148482 0.394929 0.368251 0.259469 0.123239 0.0776428 0.0755609 0.0721901 0.10049 0.124164 0.253974 0.393468 0.294646 0.225046 0.263966 0.196635 0.117811 0.12424 0.370807 0.407468 0.188134 0.302418 0.257217 0.163745 0.297784 0.269574 0.236573 0.156758 0.255693 0.339836 0.180721 0.380247 0.465037 0.450977 0.377303 0.359959 0.416567 0.44447 0.325031 0.179017 0.324531 0.308719 0.330358 0.151856 0.128605 0.353836 0.156835 0.174569 0.282084 0.304715 0.43108 0.387775 0.481966 0.374219 0.37027 0.435948 0.352693 0.200878 0.108979 0.0812953 0.0922154 0.153985 0.122769 0.276353 0.245453 0.155005 0.325717 0.259872 0.342923 0.249836 0.345406 0.352517 0.268106 0.262594 0.121204 0.189848 0.231388 0.270616 0.167306 0.311823 0.283688 0.31176 0.174083 0.337725 0.295044 0.171071 0.137558 0.361897 0.17259 0.323693 0.191013 0.337111 0.150223 0.101977 0.112305 0.285723 0.122226 0.201346 0.0936861 0.082491 0.233912 0.0960564 0.0800224 0.170132 0.109493 0.119822 0.359714 0.270465 0.320785 0.406336 0.362033 0.418343 0.386019 0.348709 0.260515 0.118401 0.0801515 0.0648474 0.059382 0.0541789 0.062104 0.183085 0.0755219 0.0611566 0.0924042 0.0639276 0.0561498 0.0516676 0.0462054 0.0508789 0.0984568 0.100354 
0.110101 0.177946 0.521078 0.928087 0.98469 0.993557 0.995345 0.994841 0.993581 0.987274 0.993124 0.992289 0.991957 0.986385 0.917198 0.516998 0.261291 0.282375 0.238497 0.107761 0.0810398 0.096643 0.0939843 0.251941 0.117439 0.0776017 0.0636507 0.0659045 0.0921039 0.265765 0.122909 0.241903 0.300525 0.411785 0.474363 0.358112 0.183228 0.143982 0.152504 0.229643 0.171774 0.28281 0.138936 0.248536 0.110917 0.0962755 0.2574 0.270859 0.275843 0.143584 0.165157 0.100518 0.210572 0.0694671 0.0557494 0.0598288 0.0784417 0.127971 0.332869 0.44211 0.381351 0.368387 0.230966 0.0901555 0.0658544 0.054505 0.0701391 0.0952277 0.249407 0.139638 0.213767 0.12257 0.148357 0.400187 0.38629 0.258501 0.116013 0.0754488 0.0784985 0.074902 0.101541 0.130087 0.278383 0.40978 0.305061 0.237713 0.273943 0.184586 0.114323 0.131258 0.385657 0.403236 0.169553 0.292116 0.244924 0.163954 0.302669 0.270273 0.224881 0.154104 0.247149 0.335927 0.183001 0.379741 0.473527 0.450207 0.362229 0.351667 0.408807 0.444089 0.35703 0.178728 0.324566 0.306687 0.329353 0.144089 0.117314 0.37296 0.167292 0.193385 0.317407 0.296703 0.441825 0.389792 0.476176 0.355046 0.364927 0.470153 0.33047 0.171217 0.100065 0.0736618 0.0906022 0.159806 0.116199 0.277758 0.246992 0.149923 0.322086 0.252894 0.336396 0.250812 0.341677 0.341594 0.27007 0.269596 0.112701 0.188266 0.236372 0.276391 0.16796 0.324851 0.300534 0.328114 0.173109 0.343231 0.294091 0.168843 0.135802 0.350585 0.156768 0.324791 0.188575 0.337842 0.146539 0.098154 0.114315 0.293437 0.128254 0.214216 0.098549 0.0872274 0.23241 0.0921744 0.0779907 0.180629 0.11511 0.122758 0.364121 0.258975 0.320636 0.416985 0.372233 0.440552 0.390946 0.348017 0.265005 0.127333 0.0814938 0.0693498 0.0643978 0.0630536 0.0745198 0.211546 0.0820098 0.0695679 0.098804 0.0631436 0.059155 0.0534976 0.049104 0.0526849 0.095546 0.0955501 
0.10686 0.12546 0.263992 0.700524 0.895733 0.974584 0.993019 0.991336 0.99422 0.993124 0.989619 0.992867 0.993084 0.992402 0.967914 0.67823 0.437483 0.351575 0.285514 0.123067 0.0908622 0.102112 0.113924 0.217409 0.110922 0.090963 0.0790038 0.0839391 0.103441 0.280748 0.138216 0.245486 0.342444 0.42884 0.406867 0.329071 0.185714 0.138653 0.15757 0.235188 0.17935 0.291239 0.139205 0.229189 0.107855 0.113057 0.318639 0.308999 0.300869 0.152836 0.173173 0.114866 0.210082 0.0815197 0.0654486 0.0718506 0.0840109 0.155538 0.370447 0.421148 0.371301 0.366275 0.225784 0.0997054 0.0665228 0.0620051 0.0762448 0.097076 0.257853 0.133497 0.217867 0.132239 0.148304 0.326211 0.336661 0.262632 0.120329 0.0822525 0.0861617 0.0888112 0.103735 0.138074 0.298581 0.366819 0.336308 0.236372 0.268424 0.18403 0.118644 0.138572 0.372821 0.376272 0.156598 0.289163 0.253603 0.169815 0.312304 0.267301 0.222392 0.153043 0.244265 0.34939 0.187221 0.389573 0.445146 0.436021 0.34677 0.346706 0.423759 0.455823 0.368703 0.212106 0.337132 0.305469 0.340031 0.139763 0.120418 0.318273 0.163768 0.17223 0.330032 0.331106 0.435195 0.360639 0.423042 0.349987 0.354208 0.437567 0.337543 0.164107 0.108711 0.0792013 0.092798 0.174654 0.130372 0.276513 0.245904 0.148818 0.302617 0.248948 0.339242 0.250038 0.354638 0.337653 0.29517 0.295618 0.127057 0.221241 0.268254 0.301074 0.164606 0.298774 0.303919 0.349679 0.172386 0.306696 0.291236 0.188976 0.152515 0.30884 0.150527 0.29101 0.165933 0.313268 0.125888 0.0998717 0.123197 0.23842 0.133007 0.232999 0.104091 0.107089 0.214239 0.0991703 0.0931233 0.199933 0.128453 0.134784 0.352156 0.262069 0.310474 0.380601 0.34369 0.449054 0.380687 0.306096 0.234793 0.120122 0.0837778 0.0820527 0.0708807 0.0799652 0.0914295 0.219675 0.10712 0.0910322 0.103055 0.0812213 0.0753342 0.0677012 0.0673247 0.0651291 0.105135 0.0895062 
0.110191 0.128793 0.160559 0.390396 0.631549 0.899708 0.967948 0.968482 0.985263 0.992289 0.992867 0.985816 0.992407 0.99275 0.985252 0.840892 0.545534 0.327606 0.27322 0.151622 0.118978 0.130417 0.118445 0.192702 0.112693 0.0999723 0.0897617 0.0939312 0.10285 0.2304 0.141317 0.257868 0.293207 0.336736 0.339079 0.295783 0.175083 0.148753 0.163818 0.215769 0.15619 0.208298 0.119639 0.193362 0.122044 0.103952 0.258922 0.297481 0.267153 0.164463 0.195741 0.131999 0.216587 0.0996085 0.0914294 0.084076 0.0987667 0.146404 0.274281 0.32704 0.27341 0.256682 0.186994 0.105302 0.0972385 0.0748582 0.0809306 0.112171 0.216705 0.123785 0.190366 0.119654 0.144339 0.251026 0.240525 0.209109 0.133837 0.106787 0.114081 0.0921046 0.12112 0.152075 0.280627 0.376018 0.304952 0.271587 0.242759 0.194479 0.120231 0.125133 0.302376 0.292084 0.149015 0.279174 0.273902 0.163291 0.248434 0.277265 0.239506 0.150226 0.242188 0.30708 0.173293 0.287837 0.319116 0.340273 0.346222 0.326237 0.36401 0.361525 0.327897 0.20556 0.318965 0.318818 0.304542 0.155146 0.119156 0.282211 0.121634 0.143074 0.273081 0.270642 0.33646 0.324093 0.339572 0.305849 0.32477 0.336828 0.246271 0.158163 0.121874 0.0975071 0.121409 0.177001 0.117494 0.219865 0.230197 0.1348 0.245685 0.251957 0.267526 0.253047 0.270899 0.256561 0.269053 0.223184 0.125899 0.239829 0.252724 0.27487 0.158467 0.252557 0.276253 0.287264 0.142851 0.249931 0.238532 0.178005 0.149063 0.237958 0.124679 0.202591 0.125471 0.195946 0.102326 0.0910538 0.103998 0.171341 0.112257 0.196373 0.11963 0.114905 0.205507 0.109568 0.10181 0.217344 0.135031 0.132797 0.277661 0.246564 0.272755 0.321821 0.340574 0.376308 0.315609 0.226043 0.234069 0.111429 0.0937185 0.0982261 0.0932907 0.0881216 0.106116 0.187262 0.108582 0.105251 0.107039 0.093789 0.0972643 0.095141 0.0800182 0.0730221 0.0906702 0.0922607 
0.14891 0.180313 0.255753 0.38594 0.514749 0.749534 0.928792 0.982983 0.991715 0.991957 0.993084 0.992407 0.992241 0.993133 0.993083 0.977861 0.798334 0.530761 0.363695 0.184421 0.142538 0.152793 0.157101 0.223796 0.161145 0.134062 0.121275 0.125261 0.113957 0.223468 0.174766 0.257967 0.274592 0.3354 0.36356 0.313031 0.254345 0.175718 0.178233 0.198673 0.163382 0.214493 0.1531 0.198639 0.158452 0.156968 0.176307 0.24096 0.210364 0.191355 0.231572 0.166322 0.196185 0.115712 0.103908 0.1006 0.10517 0.156449 0.273257 0.305521 0.248153 0.249073 0.167688 0.141885 0.11504 0.103918 0.108126 0.121835 0.20582 0.139014 0.167617 0.167698 0.172476 0.284813 0.278886 0.189111 0.158131 0.131438 0.125209 0.118517 0.142415 0.168937 0.241642 0.423537 0.343961 0.25161 0.243198 0.196192 0.133645 0.147856 0.277193 0.304796 0.210845 0.241134 0.259163 0.180289 0.259816 0.270048 0.229843 0.160372 0.240507 0.287921 0.177666 0.274583 0.339242 0.334044 0.313276 0.304697 0.341027 0.330261 0.315586 0.212387 0.311659 0.316487 0.310018 0.160544 0.14675 0.278828 0.15953 0.156702 0.2392 0.263027 0.316662 0.277032 0.33687 0.284991 0.279022 0.295633 0.234257 0.160055 0.141949 0.115992 0.126495 0.175174 0.145766 0.225889 0.232875 0.178041 0.254756 0.253709 0.28547 0.272574 0.295423 0.289117 0.279564 0.261895 0.199461 0.271982 0.212273 0.269235 0.192825 0.260753 0.276687 0.271825 0.182205 0.241751 0.201391 0.197124 0.171247 0.246992 0.168626 0.221343 0.152341 0.200793 0.130384 0.121662 0.123199 0.216807 0.184535 0.235914 0.158308 0.161279 0.230763 0.141917 0.132384 0.203961 0.143308 0.127902 0.249002 0.217096 0.205513 0.340485 0.358154 0.36623 0.308826 0.233971 0.24197 0.136153 0.120739 0.139825 0.126196 0.112063 0.132458 0.199945 0.148484 0.139414 0.144204 0.137958 0.139543 0.126197 0.0901662 0.0779823 0.105971 0.107542 
0.177187 0.174822 0.238508 0.377016 0.450743 0.594282 0.750488 0.900269 0.97678 0.986385 0.992402 0.99275 0.993133 0.993368 0.993084 0.992754 0.981562 0.785028 0.528511 0.242432 0.138393 0.144962 0.170586 0.249475 0.180121 0.144328 0.138618 0.134946 0.124715 0.244873 0.178989 0.256504 0.328503 0.385235 0.366615 0.388933 0.256471 0.186397 0.167951 0.203164 0.176787 0.256959 0.154932 0.193335 0.146475 0.140838 0.251303 0.252361 0.294238 0.204781 0.252994 0.165585 0.20327 0.106269 0.087943 0.0875009 0.104074 0.170574 0.318361 0.303898 0.290785 0.295986 0.24968 0.133505 0.105389 0.0928873 0.103381 0.118667 0.212808 0.157523 0.241519 0.16635 0.195566 0.286954 0.29632 0.28649 0.163655 0.111115 0.115012 0.112869 0.15041 0.190304 0.379562 0.346861 0.306316 0.252006 0.288731 0.211735 0.138554 0.16241 0.315674 0.318161 0.214378 0.3038 0.258988 0.19197 0.332011 0.292791 0.230365 0.165685 0.23631 0.316143 0.181054 0.351612 0.37778 0.361937 0.304838 0.312687 0.372851 0.414583 0.333561 0.210477 0.330837 0.327975 0.342402 0.169371 0.135761 0.262016 0.144676 0.151649 0.25621 0.287675 0.372272 0.322723 0.348216 0.325465 0.322914 0.364535 0.289546 0.169536 0.138745 0.108767 0.117066 0.188044 0.158986 0.234008 0.269794 0.194007 0.272643 0.273795 0.348951 0.292988 0.363159 0.357059 0.319903 0.317304 0.19196 0.309976 0.306297 0.306503 0.205898 0.269557 0.322054 0.306774 0.20475 0.255627 0.289903 0.219567 0.167208 0.254345 0.172971 0.227024 0.173613 0.214194 0.137407 0.12261 0.150056 0.218451 0.196411 0.264271 0.153273 0.172447 0.220911 0.123989 0.112779 0.192466 0.126706 0.133742 0.291107 0.275001 0.299351 0.331303 0.335066 0.396615 0.329047 0.282623 0.228394 0.121034 0.105413 0.124478 0.113659 0.114437 0.130051 0.208911 0.154451 0.143116 0.134335 0.134863 0.123193 0.112697 0.0966429 0.0890076 0.113169 0.121935 
0.190562 0.191475 0.228636 0.316192 0.326595 0.340631 0.403348 0.513716 0.832095 0.917198 0.967914 0.985252 0.993083 0.993084 0.992862 0.992135 0.993968 0.986055 0.777069 0.401803 0.212178 0.196874 0.217592 0.349105 0.216749 0.176015 0.146286 0.143948 0.122084 0.221244 0.162393 0.266051 0.308735 0.38294 0.406393 0.296879 0.230932 0.176013 0.172758 0.199831 0.1754 0.23346 0.153698 0.18902 0.132226 0.17188 0.212648 0.265442 0.234637 0.219108 0.314016 0.196581 0.202838 0.110699 0.0958863 0.106649 0.106924 0.169713 0.2788 0.281152 0.255839 0.275502 0.195978 0.179659 0.14154 0.111242 0.126755 0.14047 0.212265 0.15317 0.194728 0.174435 0.202192 0.285312 0.283927 0.222101 0.171362 0.131343 0.126378 0.134221 0.158174 0.194975 0.286564 0.328932 0.288634 0.252523 0.269226 0.223997 0.150741 0.178025 0.312338 0.296154 0.200204 0.260144 0.257624 0.200411 0.284597 0.303913 0.238471 0.174928 0.257646 0.287621 0.167903 0.30376 0.322925 0.305603 0.282684 0.299466 0.334168 0.34034 0.315042 0.209021 0.283005 0.305039 0.289104 0.169725 0.140207 0.233615 0.147107 0.152875 0.237269 0.253288 0.318717 0.292794 0.320615 0.277824 0.29725 0.301352 0.238064 0.150862 0.14901 0.140566 0.141931 0.201804 0.168711 0.244603 0.274382 0.201257 0.269471 0.27907 0.328725 0.315437 0.34596 0.326567 0.303531 0.295841 0.21303 0.329883 0.267923 0.307908 0.207285 0.274309 0.30599 0.296638 0.206363 0.272039 0.229276 0.209281 0.173337 0.241739 0.163284 0.22287 0.153212 0.202943 0.125569 0.128093 0.154398 0.225721 0.20426 0.263093 0.164152 0.197193 0.256931 0.122685 0.106007 0.187922 0.136789 0.142417 0.26856 0.256197 0.28383 0.312224 0.326793 0.342314 0.276594 0.231845 0.270548 0.145392 0.126893 0.146872 0.141815 0.13869 0.149678 0.216712 0.16578 0.169056 0.17363 0.153599 0.161425 0.155822 0.141021 0.107338 0.121359 0.124717 
0.181331 0.17827 0.183411 0.233133 0.218775 0.220908 0.21901 0.22187 0.369513 0.516998 0.67823 0.840892 0.977861 0.992754 0.992135 0.9921 0.992771 0.992217 0.986757 0.729066 0.372307 0.278492 0.280784 0.370996 0.244064 0.19424 0.148279 0.130318 0.123565 0.213382 0.164525 0.263202 0.304935 0.350437 0.388664 0.34796 0.213166 0.174971 0.168504 0.202225 0.170714 0.20766 0.137977 0.171519 0.148847 0.166989 0.27678 0.280605 0.317279 0.219577 0.303919 0.190383 0.198764 0.108985 0.105219 0.106124 0.118954 0.169752 0.242365 0.266048 0.256376 0.263824 0.274478 0.17676 0.136557 0.107435 0.125098 0.126021 0.182629 0.153836 0.245384 0.154676 0.175415 0.253222 0.268236 0.277101 0.169629 0.133759 0.128857 0.112507 0.14268 0.174384 0.31878 0.301976 0.267351 0.261842 0.29275 0.227422 0.170382 0.198964 0.286622 0.270229 0.208677 0.274243 0.253008 0.197739 0.257118 0.299609 0.250529 0.179515 0.239593 0.255559 0.144248 0.251835 0.295598 0.290579 0.248895 0.277316 0.311817 0.30887 0.281901 0.187938 0.269618 0.275716 0.252739 0.126732 0.111839 0.226643 0.134616 0.144646 0.221961 0.215814 0.252469 0.285264 0.302635 0.26555 0.282969 0.253198 0.216378 0.183065 0.154168 0.147954 0.150371 0.203947 0.15793 0.237282 0.285023 0.204931 0.273059 0.297489 0.314332 0.326095 0.315699 0.298797 0.295742 0.272376 0.203056 0.287937 0.302956 0.285323 0.198131 0.259345 0.267406 0.269874 0.217487 0.276585 0.287436 0.200402 0.149947 0.211438 0.14658 0.188531 0.141853 0.162232 0.128302 0.120271 0.15351 0.213184 0.191444 0.243127 0.163068 0.150358 0.21968 0.10513 0.0911796 0.170736 0.130889 0.134381 0.238935 0.310593 0.324852 0.31654 0.302516 0.288766 0.270095 0.256735 0.255389 0.143172 0.126891 0.116928 0.140657 0.116039 0.137862 0.19701 0.129521 0.133267 0.141508 0.122672 0.119913 0.133733 0.116702 0.110597 0.11074 0.125627 
0.182718 0.146191 0.143009 0.190247 0.188525 0.197419 0.199386 0.167132 0.200886 0.261291 0.437483 0.545534 0.798334 0.981562 0.993968 0.992771 0.992695 0.990254 0.992095 0.981623 0.713774 0.52811 0.371341 0.448499 0.261006 0.201348 0.138772 0.130523 0.12117 0.209911 0.170561 0.289795 0.325611 0.345492 0.356797 0.341621 0.20978 0.177503 0.171736 0.201879 0.168071 0.189225 0.134387 0.175631 0.129865 0.173784 0.276731 0.286872 0.340842 0.296713 0.377288 0.214481 0.208378 0.110366 0.10048 0.118538 0.130715 0.202867 0.263607 0.291719 0.25334 0.266847 0.259281 0.140275 0.10557 0.0935257 0.113627 0.111706 0.189752 0.167841 0.217785 0.138977 0.15886 0.224587 0.272755 0.272436 0.168431 0.127906 0.119411 0.123131 0.140107 0.17009 0.273433 0.272238 0.285561 0.281023 0.315735 0.264799 0.19447 0.191561 0.262681 0.242851 0.194138 0.292166 0.24498 0.194113 0.283112 0.334349 0.278455 0.213039 0.267464 0.26099 0.148379 0.250589 0.280798 0.278691 0.266713 0.303417 0.320761 0.333057 0.274505 0.160134 0.259176 0.307314 0.23351 0.10559 0.0847389 0.183442 0.125008 0.132193 0.199912 0.188347 0.266108 0.327326 0.309549 0.279894 0.292366 0.246547 0.238768 0.224817 0.173871 0.135538 0.123872 0.171977 0.147408 0.252328 0.301198 0.193369 0.281321 0.300868 0.324019 0.306606 0.32597 0.318227 0.284531 0.263997 0.197777 0.301365 0.285263 0.246332 0.174948 0.255249 0.273033 0.286362 0.213521 0.260127 0.280635 0.169175 0.123858 0.17603 0.127843 0.184377 0.126353 0.160345 0.122499 0.110914 0.16782 0.208125 0.195917 0.229882 0.165719 0.149469 0.168316 0.0783623 0.078888 0.16657 0.113347 0.136568 0.235074 0.263716 0.301811 0.293466 0.316585 0.294702 0.292901 0.275769 0.274115 0.147398 0.124159 0.121247 0.125699 0.100485 0.115528 0.225338 0.161402 0.147198 0.158858 0.149319 0.138063 0.11919 0.103353 0.0973924 0.131146 0.152782 
0.148972 0.118382 0.144088 0.22886 0.235094 0.220293 0.227841 0.196893 0.243963 0.282375 0.351575 0.327606 0.530761 0.785028 0.986055 0.992217 0.990254 0.991282 0.992251 0.990216 0.976397 0.867421 0.663786 0.570948 0.279284 0.157002 0.11582 0.118662 0.118274 0.239466 0.189456 0.303862 0.342363 0.350207 0.377465 0.338287 0.195911 0.167812 0.170618 0.188573 0.155975 0.201092 0.1384 0.176253 0.126922 0.136423 0.237485 0.226671 0.265862 0.204205 0.271928 0.139071 0.175285 0.102412 0.0909287 0.0945484 0.11439 0.161255 0.272971 0.27029 0.267565 0.261235 0.224749 0.106739 0.0866221 0.0877839 0.091138 0.110213 0.217119 0.149113 0.201437 0.148153 0.167055 0.280696 0.253307 0.254389 0.144846 0.118079 0.11468 0.106833 0.133829 0.150151 0.252764 0.27354 0.253726 0.25358 0.26795 0.217739 0.150705 0.168433 0.270897 0.266294 0.180843 0.263619 0.213497 0.163941 0.271572 0.293876 0.217177 0.154269 0.207286 0.244688 0.142663 0.290694 0.305551 0.263535 0.246354 0.264769 0.316297 0.341442 0.259556 0.157323 0.270509 0.289034 0.233767 0.103502 0.106057 0.206783 0.13437 0.164433 0.243029 0.237122 0.294766 0.326043 0.319308 0.26657 0.283099 0.266637 0.237168 0.170887 0.121935 0.0938248 0.103349 0.1588 0.149183 0.22976 0.284485 0.189045 0.259047 0.272875 0.311143 0.263239 0.317406 0.314987 0.267806 0.253179 0.163991 0.243382 0.260555 0.255134 0.16261 0.219121 0.272612 0.279447 0.197053 0.205505 0.216365 0.137375 0.124721 0.194838 0.144265 0.198921 0.148345 0.200113 0.135312 0.117297 0.135612 0.188534 0.154974 0.19801 0.125582 0.140221 0.176651 0.0938209 0.0893921 0.166424 0.116145 0.128958 0.250002 0.238826 0.279812 0.304599 0.310466 0.298157 0.294829 0.266029 0.219522 0.102048 0.0873363 0.0933835 0.0891866 0.0788919 0.100862 0.189307 0.132735 0.109654 0.109659 0.105659 0.0934278 0.0838801 0.0752267 0.0772614 0.103313 0.133887 
0.118088 0.0936971 0.115443 0.194878 0.203553 0.183067 0.190997 0.156189 0.214956 0.238497 0.285514 0.27322 0.363695 0.528511 0.777069 0.986757 0.992095 0.992251 0.990313 0.986904 0.984859 0.98041 0.887894 0.74131 0.285932 0.138042 0.0803579 0.0819115 0.102585 0.201531 0.1544 0.265788 0.352957 0.372539 0.344193 0.264202 0.15706 0.122346 0.127125 0.146817 0.120809 0.153761 0.101871 0.131645 0.0989953 0.117295 0.180566 0.187353 0.193884 0.165698 0.192664 0.123814 0.145235 0.0845625 0.0784319 0.0797748 0.0936633 0.135221 0.218259 0.224444 0.209653 0.19526 0.15876 0.0943717 0.0757925 0.0632805 0.0753137 0.0946937 0.163929 0.115911 0.153935 0.120938 0.136701 0.230348 0.213384 0.185535 0.121364 0.0987945 0.0984187 0.0896753 0.114894 0.127583 0.211207 0.259293 0.229547 0.234319 0.252703 0.198269 0.153239 0.157951 0.260002 0.218234 0.131165 0.196305 0.174357 0.141069 0.218667 0.238582 0.183616 0.124757 0.166186 0.182186 0.11371 0.239625 0.267641 0.23069 0.197702 0.211794 0.210748 0.263642 0.204857 0.122223 0.169391 0.230169 0.174101 0.0876075 0.0936165 0.194941 0.106722 0.131997 0.1925 0.211491 0.261657 0.25493 0.257386 0.205004 0.233955 0.218054 0.174635 0.126836 0.0913934 0.0759998 0.0870133 0.134225 0.119559 0.171331 0.210089 0.132991 0.187231 0.192956 0.228772 0.203242 0.242795 0.235995 0.212528 0.199991 0.122702 0.185893 0.201482 0.178845 0.128286 0.192965 0.206186 0.196515 0.146256 0.160708 0.155274 0.106705 0.09179 0.155113 0.107411 0.144487 0.109886 0.140151 0.091431 0.0761498 0.111761 0.15287 0.122017 0.16125 0.100749 0.104603 0.149133 0.0754784 0.0694129 0.124476 0.091698 0.10079 0.199385 0.192358 0.232712 0.257976 0.254508 0.231314 0.179845 0.186941 0.165793 0.0854944 0.0786494 0.0741884 0.0818483 0.0840319 0.10781 0.152363 0.0972633 0.0877509 0.0848838 0.0768243 0.0698572 0.0711827 0.0643344 0.0714996 0.0812956 0.10731 
0.0737354 0.0720363 0.0718323 0.102636 0.0951782 0.0847467 0.0858031 0.0752691 0.0970744 0.107761 0.123067 0.151622 0.184421 0.242432 0.401803 0.729066 0.981623 0.990216 0.986904 0.98406 0.978096 0.983839 0.948491 0.845089 0.25679 0.0985563 0.0622722 0.0702659 0.101196 0.143932 0.107825 0.184311 0.229947 0.26053 0.190069 0.145932 0.11798 0.0897586 0.0767313 0.075988 0.0611332 0.0710264 0.056777 0.0811355 0.0702138 0.0844806 0.102433 0.104086 0.118249 0.0965789 0.106972 0.0736131 0.0926575 0.0621827 0.0668037 0.0709781 0.0730133 0.0705374 0.106825 0.109952 0.102285 0.0992682 0.0902081 0.0779063 0.0677366 0.0620883 0.0716523 0.0773399 0.0996005 0.0635299 0.0850794 0.0750383 0.0955688 0.114929 0.106788 0.104193 0.0878915 0.0721982 0.067526 0.0677171 0.0772866 0.0764908 0.121316 0.139466 0.135966 0.179078 0.191009 0.156763 0.121587 0.118723 0.148678 0.121785 0.078741 0.111334 0.106777 0.0905104 0.118396 0.124103 0.120921 0.0997368 0.0979116 0.0884595 0.0628663 0.102802 0.117521 0.105534 0.100822 0.121563 0.111651 0.113024 0.0958274 0.0735513 0.0888389 0.10046 0.0790749 0.0582639 0.0525411 0.102366 0.0767397 0.0830085 0.114585 0.12734 0.146595 0.140998 0.136692 0.0978077 0.108186 0.105485 0.100496 0.0879075 0.0667869 0.0646685 0.0595323 0.0873069 0.0714666 0.093427 0.0881021 0.0738203 0.106741 0.107764 0.114437 0.112335 0.112419 0.106109 0.111051 0.104819 0.0887818 0.123517 0.132343 0.113953 0.0970512 0.126201 0.118382 0.106383 0.0711792 0.0895836 0.0779262 0.0699223 0.0544664 0.0745622 0.0588175 0.0808653 0.0704757 0.0721787 0.0626926 0.0529276 0.0669857 0.0800704 0.0649204 0.091655 0.0672695 0.0686408 0.0902971 0.0520435 0.0578742 0.083044 0.0614448 0.0638402 0.0969543 0.105927 0.109805 0.108624 0.0946742 0.0994922 0.0846152 0.092784 0.0787262 0.0539695 0.0604864 0.0609424 0.0584694 0.0757534 0.0795229 0.0991379 0.0660049 0.0596137 0.0547425 0.0497299 0.0505459 0.0541453 0.0550634 0.0563199 0.0587072 0.0585685 
0.0597746 0.0775038 0.0743902 0.074207 0.0675293 0.0627341 0.0619641 0.0680903 0.0745499 0.0810398 0.0908622 0.118978 0.142538 0.138393 0.212178 0.372307 0.713774 0.976397 0.984859 0.978096 0.980688 0.983314 0.979602 0.954253 0.510861 0.11257 0.0746196 0.0790053 0.084666 0.132147 0.092291 0.161972 0.184597 0.195186 0.159561 0.162918 0.115214 0.0939846 0.0681539 0.0578949 0.0437335 0.0421314 0.0442895 0.0529065 0.0590316 0.0740746 0.0883933 0.0812889 0.101596 0.0759529 0.0700048 0.0568768 0.0706035 0.0527693 0.0519396 0.0570926 0.0510834 0.0540249 0.0533667 0.0650711 0.0740819 0.0778594 0.0886467 0.0771083 0.07175 0.0559242 0.0634622 0.066466 0.0703541 0.0489981 0.0724389 0.0661275 0.0809635 0.0795497 0.0820668 0.104722 0.0953013 0.0664323 0.0655335 0.0607315 0.0741636 0.0659271 0.121194 0.109084 0.115491 0.14111 0.145615 0.118565 0.0879839 0.0911433 0.0922167 0.0826276 0.0817644 0.107152 0.116761 0.0875168 0.0788381 0.0751168 0.0815164 0.0686735 0.0723645 0.0679638 0.0527113 0.0700327 0.0736776 0.0758532 0.0847091 0.0955076 0.0726705 0.0706969 0.0711818 0.0642683 0.0658194 0.0637204 0.0590221 0.0449323 0.0509639 0.0785289 0.0665196 0.078305 0.0907485 0.0960515 0.0955112 0.0842317 0.103793 0.102487 0.0763618 0.0716071 0.0721454 0.0614109 0.0495846 0.0492096 0.0476738 0.0583461 0.04727 0.054512 0.0482868 0.0521317 0.0678764 0.0831758 0.0734671 0.0896546 0.0705985 0.0632397 0.084512 0.0645413 0.0617112 0.0922641 0.116929 0.0934627 0.0899855 0.0910179 0.0970844 0.0867439 0.0587927 0.0599941 0.0653655 0.0536929 0.0415281 0.0443513 0.0452352 0.0565798 0.0623299 0.057827 0.0539192 0.0509716 0.0463333 0.0473549 0.0548084 0.0617664 0.0595944 0.0581779 0.0759861 0.0475373 0.0412404 0.0655956 0.0651909 0.0530244 0.0684592 0.0820648 0.0859596 0.0683217 0.0570292 0.0677619 0.0607183 0.0615013 0.0565027 0.0382386 0.0443978 0.058675 0.058459 0.0524082 0.0642482 0.0638995 0.0439533 0.0411673 0.0354752 0.0343371 0.0366757 0.0395905 0.0374322 0.0385702 0.0397355 0.03537 
